2.73277
2.6811
2.49281
2.44013
2.37591
2.33573
2.28466
2.2203
2.13361
2.12043
2.03612
2.00875
1.95801
1.90394
1.87811
1.84865
1.80804
1.78181
1.71964
1.67908
1.6448
1.58734
1.47366
1.45497
1.42897
1.35016
1.31017
1.19333
1.12852
1.11706
1.07419
1.04266
0.982319
0.953945
0.917291
0.875532
0.850326
0.795058
0.748234
0.727233
0.70259
0.659161
0.615029
0.590872
0.578187
0.547687
0.527906
0.510898
0.483692
0.469632
0.416564
0.398035
0.349641
0.340818
0.322321
0.305881
0.292196
0.285496
0.256869
0.246735
0.230992
0.224212
0.21342
0.209774
0.192437
0.184569
0.176114
0.161911
0.153561
0.142469
0.135927
0.13312
0.131531
0.121263
0.11941
0.115519
0.104906
0.098181
0.0935698
0.0893322
