-0.0283583
0.0418285
-0.0493367
0.112592
-0.262285
0.0546526
-0.0769587
0.0405355
-0.0239814
0.0655733
-0.167533
-0.137548
-0.0756244
0.15227
0.102456
-0.201012
0.132209
0.0220713
0.253419
0.143826
0.0072938
0.0304116
-0.0046045
-0.0187628
-0.0900129
0.00590875
-0.02642
0.0302848
0.0822044
-0.0652639
0.076627
0.0649742
-0.0244672
0.0332147
-0.0872349
-0.00586761
0.0303484
0.0266837
0.170982
0.180907
0.0462432
-0.562229
0.0815913
-0.064528
-0.18128
0.103485
-0.127118
0.0285772
-0.0409234
-0.00864524
0.180947
0.15394
0.138517
-0.43062
-0.0474576
0.0668053
0.0109148
-0.000701534
-0.271846
-0.110881
0.0293367
-0.0607905
0.00888262
0.000576875
0.0884936
-0.0303619
0.0289456
-0.0704814
-0.207413
-0.00226708
0.211503
0.048217
0.0171519
0.0675553
0.0167508
-0.00277162
0.00132329
-0.00744064
-0.00338263
-0.0227992
-0.0201953
0.0689764
-0.0110468
0.00851751
0.0856915
-0.0352385
0.0258742
-0.0205822
-0.0483128
-0.0390069
0.00631135
-0.0297453
0.0122385
-0.00935949
0.0274216
0.0252418
-0.0070277
-0.00438543
0.116387
0.0116168
0.00530281
0.00181667
-0.00746014
-0.00516041
0.00652158
-0.023228
-0.0465949
-0.0013969
0.00842773
0.013674
-0.00199634
-0.0100916
-0.0106762
-0.0314315
-0.0498513
-0.063226
0.03046
0.00965854
-0.0905379
-0.00530902
-0.132121
0.062293
-0.0215811
-0.0579198
-0.100641
-0.0356946
0.00230901
0.0236513
0.0567139
0.0332834
-0.00155284
0.00826814
-0.0175861
0.0773851
0.0200132
-0.0573319
0.0325515
-0.0184484
-0.0524153
-0.037527
-0.03394
0.156061
-0.0186503
0.00714116
0.0382305
-0.0011013
0.00693687
0.0099909
-0.0108676
-0.00873848
0.0438633
0.0224583
-0.0371604
0.00952361
0.0176231
-0.0192976
0.0297465
-0.0209478
-0.00277762
0.0233369
0.050524
0.0220135
-0.00829722
0.0977636
0.0972474
0.215845
-0.0805131
-0.0158125
0.100629
0.0427756
-0.012006
-0.0989075
0.00205649
0.0200882
-0.0271716
0.0163812
-0.00720111
0.00110027
0.0563592
0.039921
0.015588
0.068095
0.00440913
0.0401631
0.101165
-0.0581108
0.0704559
-0.00125522
0.0194178
-0.085487
-0.0390585
-0.0284427
-0.00326582
0.0675996
0.0579138
0.105356
-0.0356237
-0.0125058
0.040315
0.0487157
0.0364746
-0.000552916
0.00362009
0.0322587
0.00393244
0.0677408
-0.0511173
-0.0222827
-0.1474
-0.0831174
-0.00572883
0.0043543
0.0113216
0.00224285
0.0474305
0.0337289
-0.0258112
-0.016284
0.109072
-0.0213008
0.0422205
-0.0909116
0.0522584
-0.168131
0.223414
-0.0189185
0.0590678
0.012082
0.146162
-0.0211432
-0.00564522
-0.0871511
0.0199052
-0.0570832
-0.0435156
0.0439244
-0.0515141
0.0100996
0.010571
0.00195368
0.0105022
-0.00360967
0.00519526
0.00507204
-0.0132696
-0.000768834
-0.00452048
0.00422325
0.0334496
0.00313856
0.105236
0.0307172
0.0275917
-0.0119851
-0.0556671
-0.0394533
0.00549249
0.00208428
-0.0604166
-0.0201303
0.0348483
-0.00716392
0.046011
-0.00683521
-0.00818071
-0.028255
-0.01677
0.0370632
-0.0852798
-0.0950219
-0.0613692
0.282724
-0.0734477
0.15501
-0.14367
-0.00260077
0.0074109
-0.0105382
-0.227704
0.00534324
-0.079104
-0.138988
0.0143295
-0.0322424
-0.144182
0.141457
-0.0943691
0.0279508
0.0828892
0.114167
-0.0561066
0.0307479
-0.00115034
-0.0133935
0.205393
-0.0254572
0.0437044
-0.0428183
-0.186418
-0.0927615
-0.519009
-0.00267573
-0.0555953
-0.0463843
0.026008
0.0920796
-0.0474225
-0.0150271
0.138322
0.0594715
-0.237765
-0.278905
0.0152562
-0.182251
-0.235171
0.0967389
-0.1606
-0.0187074
-0.208258
-0.00281253
-0.078807
0.45162
-0.0112863
-0.15116
-0.299458
0.156369
-0.0959379
0.0199807
-0.134638
0.0135522
-0.147336
-0.03756
0.0279725
-0.0491215
0.123887
0.0593197
-0.0312803
-0.0128536
-0.169614
-0.135398
0.370057
-0.143385
0.0561275
0.0250449
-0.163752
-0.0695167
0.0180643
0.0180402
-0.0563778
-0.00306161
0.100616
-0.163439
0.0582069
-0.101875
0.323897
-0.0783406
0.10604
-0.0231512
0.045187
-0.0202575
0.00871482
0.0558804
0.00276047
0.0139569
0.0514206
-0.0965148
0.0774765
0.00409013
-0.0489274
-0.0905277
-0.203216
-0.0356128
-0.00488325
-0.201383
-0.202082
-0.546921
0.265511
0.0846894
-0.00534645
0.0449052
-0.0776576
-0.112084
-0.147945
0.660426
-0.174621
-0.210944
-0.0617854
-0.0460674
-0.266055
-0.19638
-0.00590827
0.0148224
-0.000696228
0.0217194
-0.0129578
0.00655272
-0.0101262
0.004342
0.0367515
0.00574866
0.0133325
-0.0794809
-0.00156648
0.012341
-0.117165
0.0763765
-0.0684523
0.01376
0.0638306
0.0905836
0.064554
-0.0104688
-0.0101068
0.186003
0.161562
0.415427
-0.191494
-0.0748903
0.0227681
-0.0473035
0.0112105
-0.0094935
-0.00191101
-0.0147536
-0.0192681
0.000951498
-0.0120019
-0.0345907
-0.0283886
0.00251701
0.228326
0.20236
-0.0217245
0.178708
0.119118
-0.0363069
0.0992283
0.0417554
0.15427
0.0931461
0.123323
0.107329
-0.00678455
0.000496203
-0.337493
0.0190436
-0.0622366
0.152023
0.39319
0.036325
-0.0104108
0.0238689
0.0105961
0.00120376
0.0165182
0.00144354
0.0121435
0.00758526
-0.0533798
-0.00247847
0.00474025
-0.00534162
0.015084
0.0108576
-0.000869962
0.00717045
0.00227071
0.0120363
0.00996664
-0.0031711
0.014935
0.0273766
-0.000432952
0.0194108
0.00882672
-0.0562405
0.0519318
0.009393
-0.0073577
-0.00357683
0.0064893
-0.00603192
-0.00363819
-0.00247349
0.0019485
-0.00766344
-0.00988539
0.0125019
-0.0100184
-0.0266265
-0.0656285
-0.00388435
5.98785e-05
-0.0154302
0.00944711
-0.0150726
-0.0118362
-0.0150526
0.0197572
-0.011773
0.00733732
0.0194382
0.0374655
0.0088424
-0.00488584
0.0199648
0.000372816
0.0907101
-0.00884723
-0.0263371
0.0114011
0.0119285
0.0305181
0.00868755
0.0342285
-0.041802
-0.0872466
0.0338815
0.00744071
0.00202382
-0.00428394
-0.00289907
-0.0156738
0.011851
0.0179256
0.0483814
-0.0334565
-0.00905372
0.0230739
0.0121099
0.033601
-0.0114502
0.0455096
0.0454035
-0.0014553
0.0669848
0.117665
-0.000627153
-0.0316709
0.0686197
-0.00851156
0.0362069
0.0039068
0.0110257
0.0281759
-0.0157871
-0.0174193
-0.00962577
-0.0079611
-0.00830338
-0.02485
0.0421398
0.269118
0.029653
0.00830566
-0.147787
-0.238932
-0.141971
0.097043
-0.0888716
-0.0168699
-0.0292871
-0.0091812
0.0305952
-0.0847603
0.175611
0.33018
-0.0171032
-0.00462284
-0.0310129
-0.00487417
-0.00869514
-0.00977145
0.000181272
-0.0112991
0.0332097
0.0551692
-0.00959885
-0.00111078
-0.0448965
-0.0172091
0.00525589
0.105406
0.0405708
0.0264665
0.0137164
-0.00987276
0.210928
-0.0718231
0.122686
0.0218417
-0.0180073
-0.223791
-0.0497981
0.0603103
-0.011901
-0.0841403
0.329067
4.4792e-05
-0.200037
0.0223604
-0.0015408
-0.0789142
-0.0170739
-0.0772264
0.0432784
0.110959
-0.356955
-0.000865599
0.225492
-0.0574552
-0.0224535
0.0216956
-0.026076
-0.0470238
-0.038363
0.0657105
0.0170223
-0.0247024
-0.00240427
0.0242997
0.0527571
0.0580317
-0.0221626
0.0250452
-0.1397
-0.228614
-0.139663
0.0380979
0.0284176
-0.0114572
-0.0584518
-0.0143751
0.0230331
-0.039847
0.045327
0.0153975
-0.00811787
0.0147693
0.03832
-0.000775569
-0.0123044
-0.0260411
-0.00145505
0.012158
0.0151572
0.0195329
0.0254979
-0.0371523
-0.00337571
-0.040043
-0.0579127
0.0284287
0.0471606
-0.0744414
0.215594
0.391715
0.0543448
-0.0112619
-0.0736412
0.000595069
0.0148349
-0.025156
-0.0053711
-0.0453561
-0.00404932
-0.110989
0.290539
0.109175
-0.146376
0.0235896
-0.00923007
-0.193819
-0.025945
0.0241799
0.0366315
-0.029758
0.0285104
-0.0515936
0.0835066
0.00903886
0.0046475
0.0339347
0.00822545
-0.0520547
0.0203673
0.0758625
-0.261804
-0.00841589
0.190554
-0.0103107
0.0115023
-0.0463745
-0.0473498
-0.0752867
-0.0324274
-0.0421923
-0.234528
0.21099
-0.421246
-0.0647896
0.0295512
0.458737
0.12718
0.0457977
-0.0290009
-0.034649
0.157577
-0.113319
0.269511
0.0252102
-0.0154502
-0.28966
-0.060941
0.0357553
-0.00954636
-0.0828845
0.240317
0.061201
-0.0718331
0.00946396
0.00446204
-0.0585824
-0.00561633
-0.0211671
-0.00130934
0.0201764
-0.0522215
0.0501536
0.0108291
-0.048217
-0.0491895
-0.0164826
-0.00652892
0.0820165
-0.00136994
-0.0154272
-0.0624704
-0.139051
-0.0835166
0.386008
-0.153186
0.043712
0.00806502
-0.199757
-0.086948
0.0297552
0.0064258
-0.038036
0.0215132
-0.122888
0.0182751
0.0469945
0.0346024
0.035167
0.0782227
-0.0155918
0.0630733
-0.0178445
0.0720118
-0.0272183
0.00900057
0.0885493
0.0302672
0.0356608
0.0424327
0.0695099
0.150587
0.0178481
0.0122567
0.0522981
-0.0199291
-0.334948
-0.0929799
-0.0353645
0.00131584
0.0269787
-0.30295
0.0451145
-0.0222197
0.00898343
-0.0200448
-0.0881068
-0.0211972
0.0222685
-0.0068719
-0.0359623
0.0809875
0.023564
-0.19487
-0.00290613
0.000556719
0.0121651
0.00915268
0.000899139
0.0161245
0.00483475
-0.00312404
0.0227441
-0.00936835
0.00650382
-0.0277678
0.0402179
-0.00644721
-0.00539379
-0.0080814
-0.0100121
0.0198935
-0.0132
-0.089198
0.0268921
0.0138221
0.0566344
0.0477945
0.0155151
-0.012287
0.0324687
0.0970204
-0.0508448
0.131876
0.0435986
-0.0555177
-0.347312
-0.050034
0.0512553
0.0915812
0.120373
0.226486
-0.132387
0.145188
0.0506725
0.0243129
-0.129402
-0.0653597
0.129454
-0.251116
-0.478602
-0.0339725
-0.0524354
0.254491
-0.0210482
-0.00560639
0.0141267
0.0140798
0.0382051
-0.0245853
-0.0288294
-0.000897359
-0.00610263
0.0188857
0.0197091
0.0144401
0.009387
-0.010023
-0.0113113
-0.0380629
-0.0520506
0.00786377
0.0234511
-0.00186113
0.0744566
0.00101046
-0.0665063
-0.0437037
-0.0104037
-0.0913574
-0.0351323
-0.0128746
-0.0378835
-0.0594037
-0.00550688
-0.0202358
-0.101799
-0.0465391
-0.00419393
0.00122461
0.0249477
-0.190599
-0.00058214
-0.0688807
0.00841014
0.0433972
-0.00812928
-0.0103806
0.0726056
-0.0329991
0.00624307
-0.024718
0.00946316
-0.0159955
-0.0366228
0.0178266
0.216142
0.0446388
-0.100702
0.040645
0.112424
-0.166393
0.0945632
-0.11424
0.0222875
-0.000661482
0.0217521
0.011416
0.00783857
-0.0197139
-0.0240226
0.0335778
-0.0105322
-0.002359
0.00759429
-0.0282033
0.00295
0.0114898
0.0659537
0.00199342
0.0302263
-0.00476815
-0.145746
0.208755
-0.00671487
0.00326034
0.00936165
0.000867092
0.00414145
-0.00118967
0.00803721
-0.00430776
0.0241802
-0.00650914
-0.0587353
0.0133847
-0.0377561
0.0148473
-0.0251769
0.0285592
-0.0228532
-0.00576816
0.0744874
-0.0276931
0.0284534
-0.0240425
-0.15764
-0.0185317
0.02434
0.0532787
0.073764
0.115175
-0.109318
0.185479
-0.053481
0.00558134
0.25256
0.0603806
0.0122446
0.00149814
0.0147072
0.201679
0.0392251
-0.249049
