-0.0283583
0.0418285
-0.0493367
0.112592
-0.262285
0.0546526
-0.0769587
0.0405355
-0.0239814
0.0655733
-0.239731
0.024819
-0.0509481
0.0111036
-0.041842
0.0523285
-0.0141718
0.0955783
-0.112328
0.0559187
-0.167533
-0.137548
-0.0756244
0.15227
0.102456
-0.201012
0.132209
0.0220713
0.253419
0.143826
-0.181538
0.13558
-0.146786
0.012882
0.00641873
-0.126646
-0.0574992
0.158952
-0.0990481
-0.00516388
0.0072938
0.0304116
-0.0046045
-0.0187628
-0.0900129
0.00590875
-0.02642
0.0302848
0.0822044
-0.0652639
0.127939
-0.0264257
-0.0313883
0.1505
-0.193485
0.0852308
0.00663371
-0.0303335
-0.156471
-0.00451706
0.076627
0.0649742
-0.0244672
0.0332147
-0.0872349
-0.00586761
0.0303484
0.0266837
0.170982
0.180907
0.0308921
0.0861611
0.036108
-0.250573
0.330947
-0.11098
-0.0167109
0.0357446
0.2684
0.0824398
0.0462432
-0.562229
0.0815913
-0.064528
-0.18128
0.103485
-0.127118
0.0285772
-0.0409234
-0.00864524
-0.229117
-0.0800798
0.0461856
0.0395078
-0.0622053
0.264744
0.0929188
-0.138458
0.011612
-0.031716
0.180947
0.15394
0.138517
-0.43062
-0.0474576
0.0668053
0.0109148
-0.000701534
-0.271846
-0.110881
0.156496
-0.152483
0.107066
-0.15481
0.191131
0.135904
0.15862
-0.277028
-0.0168164
0.0280506
0.0293367
-0.0607905
0.00888262
0.000576875
0.0884936
-0.0303619
0.0289456
-0.0704814
-0.207413
-0.00226708
-0.238147
0.0122738
0.0235461
-0.107444
0.095246
-0.0994084
-0.00109754
0.0534018
0.121787
-0.0245915
0.211503
0.048217
0.0171519
0.0675553
0.0167508
-0.00277162
0.00132329
-0.00744064
-0.00338263
-0.0227992
-0.0574271
-0.000232737
0.0328407
0.00849494
-0.0584803
0.00300366
-0.0240157
-0.00804574
-0.103604
0.00542309
-0.0201953
0.0689764
-0.0110468
0.00851751
0.0856915
-0.0352385
0.0258742
-0.0205822
-0.0483128
-0.0390069
0.0229192
-0.0103663
0.0101451
0.0397117
-0.0480205
-0.070105
-0.033689
0.0435826
-0.00947704
-0.0107112
0.00631135
-0.0297453
0.0122385
-0.00935949
0.0274216
0.0252418
-0.0070277
-0.00438543
0.116387
0.0116168
0.0174502
-0.424077
0.0656306
-0.583142
-0.486064
-0.227716
-0.0364438
0.132465
-0.11194
0.0906429
0.00530281
0.00181667
-0.00746014
-0.00516041
0.00652158
-0.023228
-0.0465949
-0.0013969
0.00842773
0.013674
0.00980683
-0.00291963
-0.0014925
0.00171386
-0.00376318
0.0124733
0.014427
-0.00170118
0.00205789
0.00562068
-0.00199634
-0.0100916
-0.0106762
-0.0314315
-0.0498513
-0.063226
0.03046
0.00965854
-0.0905379
-0.00530902
0.0764888
0.318504
0.160035
-0.152817
-0.225466
0.0078273
-0.0701117
0.00437922
-0.00857668
0.0546277
-0.132121
0.062293
-0.0215811
-0.0579198
-0.100641
-0.0356946
0.00230901
0.0236513
0.0567139
0.0332834
-0.15361
-0.0665438
0.069457
0.0382328
-0.0516253
0.0726465
-0.02158
-0.0230821
0.0672993
-0.00525703
-0.00155284
0.00826814
-0.0175861
0.0773851
0.0200132
-0.0573319
0.0325515
-0.0184484
-0.0524153
-0.037527
0.0709565
0.0133336
-0.242498
-0.161587
-0.000578009
0.144783
0.0902308
-0.165601
0.00120545
0.00719807
-0.03394
0.156061
-0.0186503
0.00714116
0.0382305
-0.0011013
0.00693687
0.0099909
-0.0108676
-0.00873848
0.0705657
0.0291481
0.00884084
-0.0382389
0.0460649
-0.111754
-0.00607589
0.0408777
-0.0528183
0.00384455
0.0438633
0.0224583
-0.0371604
0.00952361
0.0176231
-0.0192976
0.0297465
-0.0209478
-0.00277762
0.0233369
-0.0379464
0.0358846
0.00141086
-0.0610619
0.0672552
-0.0716506
-0.0111024
0.0182317
0.0458015
0.0105856
0.050524
0.0220135
-0.00829722
0.0977636
0.0972474
0.215845
-0.0805131
-0.0158125
0.100629
0.0427756
-0.0899218
-0.157544
-0.0292931
0.0322262
0.184057
-0.00341632
0.0605268
-0.0994582
-0.13968
0.0143936
-0.012006
-0.0989075
0.00205649
0.0200882
-0.0271716
0.0163812
-0.00720111
0.00110027
0.0563592
0.039921
-0.0935069
0.00243297
0.0164706
0.0555514
-0.0735634
0.0587499
-0.0327124
0.0529153
0.0476953
0.0229854
0.015588
0.068095
0.00440913
0.0401631
0.101165
-0.0581108
0.0704559
-0.00125522
0.0194178
-0.085487
0.0236642
-0.15997
-0.285452
-0.0548768
-0.126058
0.18327
-0.0618844
-0.0239014
0.363217
-0.0448396
-0.0390585
-0.0284427
-0.00326582
0.0675996
0.0579138
0.105356
-0.0356237
-0.0125058
0.040315
0.0487157
-0.038942
0.051512
-0.00904166
-0.0846613
0.0597724
0.00629357
0.00136311
-0.0142
-0.0300166
-0.0148308
0.0364746
-0.000552916
0.00362009
0.0322587
0.00393244
0.0677408
-0.0511173
-0.0222827
-0.1474
-0.0831174
0.172843
-0.104338
0.178812
-0.125459
0.220788
0.486491
-0.236426
0.696047
-0.0938461
0.0186177
-0.00572883
0.0043543
0.0113216
0.00224285
0.0474305
0.0337289
-0.0258112
-0.016284
0.109072
-0.0213008
-0.0708127
-0.555994
-0.309554
0.139157
0.226385
-0.0752687
-0.033812
0.0855061
0.0328924
-0.0364186
0.0422205
-0.0909116
0.0522584
-0.168131
0.223414
-0.0189185
0.0590678
0.012082
0.146162
-0.0211432
0.154703
-0.040525
0.144975
0.0210386
0.00126587
-0.041057
-0.0434398
-0.0136019
0.186877
-0.0768732
-0.00564522
-0.0871511
0.0199052
-0.0570832
-0.0435156
0.0439244
-0.0515141
0.0100996
0.010571
0.00195368
0.0116579
-0.0039536
0.328968
0.347512
0.17452
-0.283601
-0.0776592
0.0853053
-0.109219
0.0988664
0.0105022
-0.00360967
0.00519526
0.00507204
-0.0132696
-0.000768834
-0.00452048
0.00422325
0.0334496
0.00313856
0.0154924
0.00419529
-0.000945073
-0.00228292
0.0136308
0.00868527
-0.00025158
0.00159467
0.0166716
0.00552319
0.105236
0.0307172
0.0275917
-0.0119851
-0.0556671
-0.0394533
0.00549249
0.00208428
-0.0604166
-0.0201303
0.0182258
-0.00493141
-0.0475005
0.0200457
-0.0289834
-0.112726
0.00571909
-0.0101642
0.00724401
-0.023464
0.0348483
-0.00716392
0.046011
-0.00683521
-0.00818071
-0.028255
-0.01677
0.0370632
-0.0852798
-0.0950219
0.019816
-0.0343846
-0.0566589
0.152327
-0.188845
0.0106233
-0.0281694
0.0230346
-0.135357
-0.0423015
-0.0613692
0.282724
-0.0734477
0.15501
-0.14367
-0.00260077
0.0074109
-0.0105382
-0.227704
0.00534324
-0.101478
0.170664
-0.452741
-0.0853833
0.0928591
0.13367
0.0590685
0.00900046
-0.245162
0.0793571
-0.079104
-0.138988
0.0143295
-0.0322424
-0.144182
0.141457
-0.0943691
0.0279508
0.0828892
0.114167
-0.0218912
0.0533285
-0.0179777
-0.18527
0.151756
0.115711
0.0918852
-0.117763
-0.0192808
0.00918199
-0.0561066
0.0307479
-0.00115034
-0.0133935
0.205393
-0.0254572
0.0437044
-0.0428183
-0.186418
-0.0927615
-0.0964829
0.00499805
0.0362082
-0.0017203
-0.00945558
-0.0855508
0.0160018
0.0244273
-0.0566928
-0.0458231
-0.519009
-0.00267573
-0.0555953
-0.0463843
0.026008
0.0920796
-0.0474225
-0.0150271
0.138322
0.0594715
-0.0472448
-0.0632292
0.106532
-0.051299
0.0715137
0.233988
0.101241
-0.130612
0.152468
0.0139285
-0.237765
-0.278905
0.0152562
-0.182251
-0.235171
0.0967389
-0.1606
-0.0187074
-0.208258
-0.00281253
0.230136
0.212554
-0.186066
-0.139892
0.03387
-0.276896
-0.0692607
0.121588
0.0255813
0.0199786
-0.078807
0.45162
-0.0112863
-0.15116
-0.299458
0.156369
-0.0959379
0.0199807
-0.134638
0.0135522
-0.147743
-0.067655
0.100051
0.00910021
-0.056983
-0.171241
-0.00965578
0.00756059
0.133045
-0.0352924
-0.147336
-0.03756
0.0279725
-0.0491215
0.123887
0.0593197
-0.0312803
-0.0128536
-0.169614
-0.135398
-0.00786178
-0.0633968
0.00101435
0.142141
-0.187706
0.0710006
0.0548437
-0.0533523
-0.199758
-0.114592
0.370057
-0.143385
0.0561275
0.0250449
-0.163752
-0.0695167
0.0180643
0.0180402
-0.0563778
-0.00306161
-0.106446
0.00999795
-0.129925
0.00813785
0.00732735
-0.0532894
-0.0257565
0.0418605
0.0375205
-0.0455194
0.100616
-0.163439
0.0582069
-0.101875
0.323897
-0.0783406
0.10604
-0.0231512
0.045187
-0.0202575
0.271365
0.131769
-0.18474
-0.142608
0.172072
-0.000203988
0.0865759
-0.0884901
-0.25662
0.037693
0.00871482
0.0558804
0.00276047
0.0139569
0.0514206
-0.0965148
0.0774765
0.00409013
-0.0489274
-0.0905277
0.0304122
0.05215
0.0150856
0.180862
-0.122863
0.0762584
-0.0414754
0.0393174
0.202157
-0.0254264
-0.203216
-0.0356128
-0.00488325
-0.201383
-0.202082
-0.546921
0.265511
0.0846894
-0.00534645
0.0449052
-0.0109877
-0.0929214
0.0329652
-0.0127986
0.0457313
0.0252573
0.0390283
0.0446755
-0.034258
0.0111215
-0.0776576
-0.112084
-0.147945
0.660426
-0.174621
-0.210944
-0.0617854
-0.0460674
-0.266055
-0.19638
0.309747
-0.209478
0.233268
-0.0525097
0.117593
-0.0782208
0.0771482
-0.223102
0.0819936
-0.0246663
-0.00590827
0.0148224
-0.000696228
0.0217194
-0.0129578
0.00655272
-0.0101262
0.004342
0.0367515
0.00574866
0.0591875
0.0117993
0.022156
0.00963072
-0.00687147
0.0183959
0.00330241
-0.0052227
-0.0168734
-0.0257192
0.0133325
-0.0794809
-0.00156648
0.012341
-0.117165
0.0763765
-0.0684523
0.01376
0.0638306
0.0905836
-0.0643215
-0.03227
0.125258
-0.186395
0.0169911
-0.00380082
0.0825319
-0.0449102
-0.236797
0.0246671
0.064554
-0.0104688
-0.0101068
0.186003
0.161562
0.415427
-0.191494
-0.0748903
0.0227681
-0.0473035
0.0956343
0.170666
-0.0734673
0.00429151
-0.13098
-0.0736986
-0.0452047
0.0334029
0.239659
-0.000431023
0.0112105
-0.0094935
-0.00191101
-0.0147536
-0.0192681
0.000951498
-0.0120019
-0.0345907
-0.0283886
0.00251701
-0.0205469
-0.00366354
-0.00768091
-0.0139377
0.00122319
0.00375425
0.0129677
0.00838621
-0.00688509
-0.0158588
0.228326
0.20236
-0.0217245
0.178708
0.119118
-0.0363069
0.0992283
0.0417554
0.15427
0.0931461
-0.200353
0.0952767
0.324546
-0.105155
0.0145758
0.176955
0.0946714
-0.129444
-0.181694
0.0333223
0.123323
0.107329
-0.00678455
0.000496203
-0.337493
0.0190436
-0.0622366
0.152023
0.39319
0.036325
0.403445
-0.0116085
-0.0790839
0.155166
-0.118246
0.113436
-0.0283286
-0.0378318
-0.0469568
0.04661
-0.0104108
0.0238689
0.0105961
0.00120376
0.0165182
0.00144354
0.0121435
0.00758526
-0.0533798
-0.00247847
-0.0359519
-0.0190546
0.0303978
0.00224413
-0.0175949
-0.0284185
0.0023817
0.00120236
-0.0237408
-0.0505057
0.00474025
-0.00534162
0.015084
0.0108576
-0.000869962
0.00717045
0.00227071
0.0120363
0.00996664
-0.0031711
-0.0228331
-0.00396595
0.00449685
-0.0105646
0.0192924
0.0133076
-0.00387758
-0.0070562
0.0292926
0.0205522
0.014935
0.0273766
-0.000432952
0.0194108
0.00882672
-0.0562405
0.0519318
0.009393
-0.0073577
-0.00357683
-0.0433366
0.1736
0.0415298
-0.0795464
-0.170939
0.268142
0.0453697
-0.0170631
0.274992
-0.205464
0.0064893
-0.00603192
-0.00363819
-0.00247349
0.0019485
-0.00766344
-0.00988539
0.0125019
-0.0100184
-0.0266265
-0.015746
0.00383599
-0.0118615
0.00353457
-0.0167655
-0.0137497
-0.0146877
0.00560186
0.00502969
0.0362606
-0.0656285
-0.00388435
5.98785e-05
-0.0154302
0.00944711
-0.0150726
-0.0118362
-0.0150526
0.0197572
-0.011773
-0.00941896
-0.0529796
-0.00979808
0.0161421
0.0389329
0.042755
-0.0514554
-0.0339242
0.0378149
-0.0113699
0.00733732
0.0194382
0.0374655
0.0088424
-0.00488584
0.0199648
0.000372816
0.0907101
-0.00884723
-0.0263371
-0.00489174
0.00845479
0.0143133
-0.0146369
0.0142875
-0.0441139
0.106918
0.0460507
-0.0176416
-0.0638359
0.0114011
0.0119285
0.0305181
0.00868755
0.0342285
-0.041802
-0.0872466
0.0338815
0.00744071
0.00202382
-0.0100066
0.0034185
0.00468808
-0.0078314
0.000139122
-0.00939177
0.0217847
0.00918722
-0.00274085
0.00288628
-0.00428394
-0.00289907
-0.0156738
0.011851
0.0179256
0.0483814
-0.0334565
-0.00905372
0.0230739
0.0121099
-0.0138993
-0.0448631
-0.032405
0.0198317
0.0338711
-0.0282928
0.00136824
-0.0291331
0.00671866
-0.00521522
0.033601
-0.0114502
0.0455096
0.0454035
-0.0014553
0.0669848
0.117665
-0.000627153
-0.0316709
0.0686197
0.0605719
-0.0205347
0.000354885
0.110482
-0.083103
-0.0519721
0.801599
0.35439
0.119342
0.137123
-0.00851156
0.0362069
0.0039068
0.0110257
0.0281759
-0.0157871
-0.0174193
-0.00962577
-0.0079611
-0.00830338
0.00266922
0.016855
0.0246935
-0.0153205
0.00540319
-0.0259113
0.0264711
0.00394915
-0.0700199
0.0899713
-0.02485
0.0421398
0.269118
0.029653
0.00830566
-0.147787
-0.238932
-0.141971
0.097043
-0.0888716
-0.0420114
0.04991
-0.00366208
-0.0295566
0.0200272
0.00589762
0.0280107
0.0163344
0.00658866
0.05584
-0.0168699
-0.0292871
-0.0091812
0.0305952
-0.0847603
0.175611
0.33018
-0.0171032
-0.00462284
-0.0310129
0.0148968
-0.00752842
0.00972938
-0.00814671
0.0143808
-0.0240749
-0.027324
0.00170851
-0.0353875
-0.148262
-0.00487417
-0.00869514
-0.00977145
0.000181272
-0.0112991
0.0332097
0.0551692
-0.00959885
-0.00111078
-0.0448965
-0.0172817
-0.00550885
0.00383575
-0.00187916
0.00425966
0.00538917
-0.0142322
-0.0141129
-0.0166244
0.0400977
-0.0172091
0.00525589
0.105406
0.0405708
0.0264665
0.0137164
-0.00987276
0.210928
-0.0718231
0.122686
0.029808
-0.0243814
-0.00283211
0.01308
-0.0166093
-0.01472
0.0252422
0.0223089
-0.0237085
-0.239418
0.0218417
-0.0180073
-0.223791
-0.0497981
0.0603103
-0.011901
-0.0841403
0.329067
4.4792e-05
-0.200037
-0.0641648
0.0197376
-0.00996815
-0.0383354
0.0328389
-0.0204414
0.0253257
0.00942917
0.026465
0.0815043
0.0223604
-0.0015408
-0.0789142
-0.0170739
-0.0772264
0.0432784
0.110959
-0.356955
-0.000865599
0.225492
0.081892
-0.0312576
0.0173226
0.0184478
-0.0145548
-0.00222444
0.0188415
0.013384
-0.0595026
-0.415786
-0.0574552
-0.0224535
0.0216956
-0.026076
-0.0470238
-0.038363
0.0657105
0.0170223
-0.0247024
-0.00240427
0.0429013
0.0614616
0.0176018
-0.027908
-0.0400447
-0.012346
0.0585221
0.0425462
0.0323088
0.0242972
0.0242997
0.0527571
0.0580317
-0.0221626
0.0250452
-0.1397
-0.228614
-0.139663
0.0380979
0.0284176
0.0202066
0.0138507
-0.00244701
0.000110365
-0.00214391
-0.0054847
0.102422
0.0406957
-0.0159542
-0.136546
-0.0114572
-0.0584518
-0.0143751
0.0230331
-0.039847
0.045327
0.0153975
-0.00811787
0.0147693
0.03832
-0.0670021
3.85773e-05
-0.000273992
-0.026594
-5.10187e-06
0.0258059
-0.0277826
-0.0111793
-0.0407191
-0.034249
-0.000775569
-0.0123044
-0.0260411
-0.00145505
0.012158
0.0151572
0.0195329
0.0254979
-0.0371523
-0.00337571
-0.0208899
-0.00252722
0.0023053
-0.00144703
0.003591
-0.0128528
-0.0109908
-0.00240257
0.0119202
0.0394724
-0.040043
-0.0579127
0.0284287
0.0471606
-0.0744414
0.215594
0.391715
0.0543448
-0.0112619
-0.0736412
0.0233393
0.0065269
0.00251576
0.0123601
4.66903e-05
-0.0343197
0.0758748
0.0380316
0.0188649
0.0596644
0.000595069
0.0148349
-0.025156
-0.0053711
-0.0453561
-0.00404932
-0.110989
0.290539
0.109175
-0.146376
-0.00936508
0.0450462
0.00165801
-0.0886851
0.0847983
-0.0522511
0.0547526
0.0460198
-0.0104635
-0.336412
0.0235896
-0.00923007
-0.193819
-0.025945
0.0241799
0.0366315
-0.029758
0.0285104
-0.0515936
0.0835066
0.0220303
0.00407207
0.0185807
0.00658426
-0.0109032
0.0212219
-0.0309793
0.00823175
-0.010211
-0.0514166
0.00903886
0.0046475
0.0339347
0.00822545
-0.0520547
0.0203673
0.0758625
-0.261804
-0.00841589
0.190554
0.0765274
-0.0312545
-0.00150799
0.0611732
-0.0487719
0.0656716
-0.0719113
-0.057989
0.0369913
0.326723
-0.0103107
0.0115023
-0.0463745
-0.0473498
-0.0752867
-0.0324274
-0.0421923
-0.234528
0.21099
-0.421246
-0.0680431
0.074266
0.00227386
-0.0335405
0.0280279
-0.00222457
0.0552311
0.0217101
-0.0385602
0.0808442
-0.0647896
0.0295512
0.458737
0.12718
0.0457977
-0.0290009
-0.034649
0.157577
-0.113319
0.269511
0.0245829
-0.0288173
-0.00126896
0.00578687
-0.00788131
0.0160222
-0.16044
-0.057826
0.0169203
-0.00380063
0.0252102
-0.0154502
-0.28966
-0.060941
0.0357553
-0.00954636
-0.0828845
0.240317
0.061201
-0.0718331
0.0472464
-0.000640101
-0.0153617
0.0333525
-0.0378895
0.0416604
0.0286255
-0.00174891
-0.0193871
0.0897926
0.00946396
0.00446204
-0.0585824
-0.00561633
-0.0211671
-0.00130934
0.0201764
-0.0522215
0.0501536
0.0108291
-0.00518911
0.0228239
0.00654628
-0.0291552
0.0487953
-0.0170928
-0.0125484
0.0213995
0.0767675
0.0757852
-0.048217
-0.0491895
-0.0164826
-0.00652892
0.0820165
-0.00136994
-0.0154272
-0.0624704
-0.139051
-0.0835166
-0.191566
-0.0256659
0.0309603
0.0233236
-0.0635168
0.0196063
-0.017849
0.000717924
-0.027882
0.0407489
0.386008
-0.153186
0.043712
0.00806502
-0.199757
-0.086948
0.0297552
0.0064258
-0.038036
0.0215132
-0.116506
-0.0168092
-0.068873
0.0279352
-0.0323745
-0.00248835
-0.0347862
0.0188389
0.104795
0.000426479
-0.122888
0.0182751
0.0469945
0.0346024
0.035167
0.0782227
-0.0155918
0.0630733
-0.0178445
0.0720118
0.111692
-0.018779
-0.0296006
0.10645
-0.137286
0.0652879
-0.000267184
-0.0161776
-0.209548
-0.0412969
-0.0272183
0.00900057
0.0885493
0.0302672
0.0356608
0.0424327
0.0695099
0.150587
0.0178481
0.0122567
0.0379221
-0.00899876
0.0274249
-0.00437543
0.0391018
0.0524272
-0.00416024
-0.0545556
0.00881907
0.0532918
0.0522981
-0.0199291
-0.334948
-0.0929799
-0.0353645
0.00131584
0.0269787
-0.30295
0.0451145
-0.0222197
-0.001911
-0.00544048
0.00845036
0.00133492
0.00499987
0.0249519
-0.0382665
-0.0330565
-0.00190851
0.0580509
0.00898343
-0.0200448
-0.0881068
-0.0211972
0.0222685
-0.0068719
-0.0359623
0.0809875
0.023564
-0.19487
-0.104815
0.0351277
0.00659379
-0.0631974
0.0584805
-0.0514663
0.0625261
0.0425423
-3.14471e-05
-0.156766
-0.00290613
0.000556719
0.0121651
0.00915268
0.000899139
0.0161245
0.00483475
-0.00312404
0.0227441
-0.00936835
-0.0186206
-0.0599576
-0.0296555
0.0165371
0.0469522
-0.0117302
0.00189374
-0.0128471
-0.0121128
-0.0029076
0.00650382
-0.0277678
0.0402179
-0.00644721
-0.00539379
-0.0080814
-0.0100121
0.0198935
-0.0132
-0.089198
-0.0359307
-0.0256617
-0.00670611
0.0771532
-0.0315346
0.0229853
-0.0151845
0.00545501
0.071276
0.0776762
0.0268921
0.0138221
0.0566344
0.0477945
0.0155151
-0.012287
0.0324687
0.0970204
-0.0508448
0.131876
0.0188569
-0.00183531
-0.00346669
-0.00542486
0.00672967
-0.0396268
0.0429977
0.0645889
0.0302877
-0.0869508
0.0435986
-0.0555177
-0.347312
-0.050034
0.0512553
0.0915812
0.120373
0.226486
-0.132387
0.145188
0.0272631
-0.0550481
-0.00389428
0.0180807
-0.0156897
0.014093
-0.0876366
-0.0520031
0.0117771
0.0457517
0.0506725
0.0243129
-0.129402
-0.0653597
0.129454
-0.251116
-0.478602
-0.0339725
-0.0524354
0.254491
0.0244332
-0.0198127
-0.00474109
0.0379818
-0.043018
0.0383015
0.140325
0.0390885
0.0288417
0.021167
-0.0210482
-0.00560639
0.0141267
0.0140798
0.0382051
-0.0245853
-0.0288294
-0.000897359
-0.00610263
0.0188857
0.0021282
0.0013357
-0.000710238
0.0149498
-0.0183779
0.0123756
0.00752051
0.00275958
-0.0168297
0.0033557
0.0197091
0.0144401
0.009387
-0.010023
-0.0113113
-0.0380629
-0.0520506
0.00786377
0.0234511
-0.00186113
0.0168425
0.0049996
-0.00140675
-0.0021535
0.0112802
-0.0167938
0.020429
0.026945
0.0242834
-0.0292909
0.0744566
0.00101046
-0.0665063
-0.0437037
-0.0104037
-0.0913574
-0.0351323
-0.0128746
-0.0378835
-0.0594037
-0.0209371
0.00935435
-0.0115072
-0.0199979
0.00736235
-0.0367929
-0.159074
-0.0209689
0.023133
-0.0167586
-0.00550688
-0.0202358
-0.101799
-0.0465391
-0.00419393
0.00122461
0.0249477
-0.190599
-0.00058214
-0.0688807
-0.00364918
-0.0162317
-0.00928201
0.0534525
-0.0611172
0.0526073
-0.0138992
-0.0332815
-0.033773
0.1213
0.00841014
0.0433972
-0.00812928
-0.0103806
0.0726056
-0.0329991
0.00624307
-0.024718
0.00946316
-0.0159955
0.0513773
0.0049242
0.00343856
0.0118
0.0157672
-0.0365116
-0.0573827
-0.0104194
0.00905877
-0.0320616
-0.0366228
0.0178266
0.216142
0.0446388
-0.100702
0.040645
0.112424
-0.166393
0.0945632
-0.11424
-0.00274567
0.0262859
0.00957356
-0.0232695
0.021226
-0.0139486
-0.0461557
-0.00352651
-0.049402
-0.164171
0.0222875
-0.000661482
0.0217521
0.011416
0.00783857
-0.0197139
-0.0240226
0.0335778
-0.0105322
-0.002359
-0.0207877
0.00275673
-0.0138704
0.00412399
-0.0165981
-0.0147603
0.00892546
0.0125246
-0.0356974
-0.0232776
0.00759429
-0.0282033
0.00295
0.0114898
0.0659537
0.00199342
0.0302263
-0.00476815
-0.145746
0.208755
0.0138955
-0.0477564
-0.010882
0.0617204
-0.0582166
0.0360947
-0.0521106
-0.039476
0.0580541
0.334305
-0.00671487
0.00326034
0.00936165
0.000867092
0.00414145
-0.00118967
0.00803721
-0.00430776
0.0241802
-0.00650914
-0.0183109
-0.0698874
-0.0351667
0.0292655
0.0476553
-0.00654274
0.0156306
-0.00901073
0.0013346
-0.0136036
-0.0587353
0.0133847
-0.0377561
0.0148473
-0.0251769
0.0285592
-0.0228532
-0.00576816
0.0744874
-0.0276931
-0.0336793
0.00314857
0.0101153
-0.0315567
0.0224351
0.0381719
-0.0440581
-0.0305514
-0.0287987
-0.0350825
0.0284534
-0.0240425
-0.15764
-0.0185317
0.02434
0.0532787
0.073764
0.115175
-0.109318
0.185479
0.0364694
-0.0484107
0.00181381
0.0247096
-0.0265232
0.00998139
-0.0641843
-0.0360287
0.00118997
-0.0449723
-0.053481
0.00558134
0.25256
0.0603806
0.0122446
0.00149814
0.0147072
0.201679
0.0392251
-0.249049
-0.0798073
0.0378193
-0.0133705
-0.0226617
0.0197971
-0.00206865
-0.0692294
-0.0190628
0.0423074
0.317353
