-0.0283583
0.0418285
-0.0493367
0.112592
-0.262285
0.0546526
-0.0769587
0.0405355
-0.0239814
0.0655733
-0.239731
0.024819
-0.0509481
0.0111036
-0.041842
0.0523285
-0.0141718
0.0955783
-0.112328
0.0559187
-0.125128
0.210659
-0.0157011
0.0266781
-0.14383
0.0224723
-0.0162878
0.0205821
-0.0916566
0.0172598
-0.0911707
0.347262
-0.0484204
0.0964113
-0.0746069
0.0464819
-0.139035
-0.00110859
-0.00957554
-0.018647
0.0551319
-0.0439348
-0.0110294
0.208657
0.06256
-0.0448746
-0.218344
0.119371
0.472142
-0.205444
-0.149279
0.152158
0.00341619
0.0466218
-0.0941672
-0.0817218
-0.104794
0.122076
0.057258
0.0271049
0.112663
0.0437928
-0.0394863
-0.0224631
-0.00890314
-0.0353815
-0.062924
-0.0452133
-0.0240752
0.0248039
0.0961694
0.0500209
0.0793463
0.000607122
0.000487365
0.00987692
0.0791251
0.0147739
0.00989398
0.0296543
-0.167533
-0.137548
-0.0756244
0.15227
0.102456
-0.201012
0.132209
0.0220713
0.253419
0.143826
-0.181538
0.13558
-0.146786
0.012882
0.00641873
-0.126646
-0.0574992
0.158952
-0.0990481
-0.00516388
0.0394613
-0.130115
-0.0950715
0.100132
0.168869
-0.205152
0.0603138
-0.262942
0.179688
-0.0926456
-0.0789432
0.0255294
0.0118054
0.0226735
-0.012898
-0.0387
-0.0449323
0.200282
0.194912
0.236285
0.0226869
0.0191058
0.124616
-0.266286
-0.245876
-0.130326
-0.126952
0.175061
0.0931476
0.00386409
-0.101333
0.00184214
-0.0203156
-0.0695133
-0.00910636
0.0522774
0.0625145
-0.00711665
-0.0665773
-0.0569897
-0.0348505
-0.075818
-0.0418835
-0.0079303
-0.00481576
-0.0469701
0.045791
-0.0168231
0.00283319
-0.0280489
-0.00573226
0.0219631
-0.0312884
-0.0262516
0.0200035
0.0132571
-0.0050081
0.000796249
-0.017301
-0.00799037
0.0072938
0.0304116
-0.0046045
-0.0187628
-0.0900129
0.00590875
-0.02642
0.0302848
0.0822044
-0.0652639
0.127939
-0.0264257
-0.0313883
0.1505
-0.193485
0.0852308
0.00663371
-0.0303335
-0.156471
-0.00451706
0.0044206
-0.0526968
0.02885
0.0019561
0.0242869
-0.0341231
0.0153306
0.0300297
0.0092734
-0.0539403
-0.00416062
-0.0252392
-0.00531194
0.0266336
-0.0187318
-0.0127033
-0.0700791
0.0477807
0.0592482
0.0633775
0.0370441
-0.0878212
0.01638
-0.0155331
0.00011822
0.0604146
0.0307899
-0.0571461
-0.0407361
-0.0864152
0.017372
-0.0570546
0.0253842
0.00769496
-0.0846948
0.0266136
-0.0430225
0.0812248
-0.0913999
0.141661
-0.0115458
0.0962985
0.249681
-0.11343
0.0951176
-0.0444439
-0.121131
-0.0622625
0.133545
0.277709
-0.249282
-0.20598
-0.0930698
-0.136722
-0.1383
-0.104591
0.037166
-0.113638
-0.0494218
0.130331
0.076627
0.0649742
-0.0244672
0.0332147
-0.0872349
-0.00586761
0.0303484
0.0266837
0.170982
0.180907
0.0308921
0.0861611
0.036108
-0.250573
0.330947
-0.11098
-0.0167109
0.0357446
0.2684
0.0824398
-0.0185643
0.0748592
-0.0665869
-0.0334557
-0.0214502
0.113827
0.046385
-0.159867
-0.140594
-0.0396453
-0.0387382
-0.00863251
-0.0076564
0.0669079
0.0600401
-0.0341489
0.0937215
0.0687617
0.0734269
0.0160706
-0.0155302
0.0222475
0.00408276
0.00779921
-0.0388394
0.147288
0.112816
-0.0591709
0.00738357
-0.0240574
0.0485027
-0.0468128
0.138834
0.100212
-0.0065647
-0.00166085
-0.0584999
0.0314273
-0.0386969
0.0846254
0.0126971
-0.00261662
0.0388098
0.0172219
-0.127392
0.0762881
-0.154793
0.0443069
0.00233397
0.0446652
0.0313818
0.0134226
-0.00324849
0.0314611
-0.107536
0.0690008
0.00305267
-0.129555
-0.135972
-0.0857946
0.0462432
-0.562229
0.0815913
-0.064528
-0.18128
0.103485
-0.127118
0.0285772
-0.0409234
-0.00864524
-0.229117
-0.0800798
0.0461856
0.0395078
-0.0622053
0.264744
0.0929188
-0.138458
0.011612
-0.031716
0.00584263
0.126374
-0.0171618
0.0368694
0.060251
0.00563006
0.130936
-0.245721
-0.112877
-0.0847201
-0.0941977
-0.115446
0.117934
-0.170395
0.0965105
-0.143917
0.209565
-0.0011224
0.000334668
-0.0179317
0.0113825
0.00697485
0.0119846
-0.0325005
-0.0254347
-0.00997454
-0.0128451
0.0116795
-0.0214749
0.0609402
0.164356
-0.0297188
0.137271
-0.0490571
-0.116421
-0.058233
0.0166191
0.0883684
-0.0120175
0.0353568
0.0402821
0.0842161
-0.0197997
-0.0435842
-0.119411
-0.00215163
0.121486
-0.031754
0.0151834
-0.00850228
0.051108
0.00692761
0.0509194
0.00275834
-0.0106468
0.0738305
0.00245967
-0.0424708
-0.0183985
0.0859965
0.180947
0.15394
0.138517
-0.43062
-0.0474576
0.0668053
0.0109148
-0.000701534
-0.271846
-0.110881
0.156496
-0.152483
0.107066
-0.15481
0.191131
0.135904
0.15862
-0.277028
-0.0168164
0.0280506
-0.0511122
0.139906
-0.0683859
0.0566861
-0.0179153
-0.0554997
0.0111906
-0.0457071
0.088077
-0.184467
-0.0146692
0.0806096
-0.117777
0.205593
-0.0848664
-0.0121778
-0.0726688
0.136006
0.103507
0.247395
0.0382905
0.0215398
0.139916
-0.179497
-0.183635
-0.0999421
-0.0932349
0.125579
0.0751401
-0.000315345
-0.0665283
0.0030914
-0.0419534
-0.0343108
0.0110004
0.038074
0.0413322
0.0225675
-0.0580012
-0.025813
-0.0171143
-0.0168793
-0.063893
0.00820813
-0.0142658
-0.0251809
0.0545434
-0.0229768
-0.0177655
-0.0081987
-0.000140052
0.0391255
-0.00748189
-0.00766775
0.0295509
-0.00493366
-0.0176984
0.0131261
-0.0127645
-0.000582465
0.0293367
-0.0607905
0.00888262
0.000576875
0.0884936
-0.0303619
0.0289456
-0.0704814
-0.207413
-0.00226708
-0.238147
0.0122738
0.0235461
-0.107444
0.095246
-0.0994084
-0.00109754
0.0534018
0.121787
-0.0245915
-0.014445
0.00758352
0.0273127
-0.01993
0.00664253
-0.0165271
0.0429149
0.0779972
0.0984369
0.116299
0.0322312
0.0579326
0.0212515
-0.0443715
0.023343
0.0190176
0.0497151
-0.0300899
-0.0309847
-0.0604113
0.0568131
0.0922847
0.0477176
0.0759736
0.00629479
-0.000797264
0.0468142
0.133856
-0.0252509
0.115022
-0.0566417
-0.0407079
-0.0981612
0.174334
0.0210668
-0.0597791
-0.0274311
-0.00286343
-0.0475426
-0.0408346
0.12941
-0.0018919
-0.16437
0.0347335
0.0356606
-0.0340441
0.119081
-0.164161
0.0536521
-0.250991
-0.0496493
-0.10262
-0.299883
-0.0714591
0.000821551
0.030808
0.148291
-0.0196234
-0.299579
0.11166
0.211503
0.048217
0.0171519
0.0675553
0.0167508
-0.00277162
0.00132329
-0.00744064
-0.00338263
-0.0227992
-0.0574271
-0.000232737
0.0328407
0.00849494
-0.0584803
0.00300366
-0.0240157
-0.00804574
-0.103604
0.00542309
0.0341647
-0.0772075
0.000739329
0.00368239
0.0286001
0.166921
-0.0256299
-0.0467984
0.0931406
-0.118451
-0.00609414
0.00451955
0.0250917
-0.100884
0.031228
-0.0625408
0.292753
-0.0537778
0.112248
0.070906
-0.313736
0.108876
0.264129
0.191062
0.0477373
-0.284553
-0.0972585
-0.0247552
-0.0167198
0.0224507
-0.0626681
0.0262352
-0.262161
0.367663
0.0623756
-0.0412993
-0.0492049
-0.0476741
-0.0122429
0.0738424
-0.00598118
-0.192244
-0.077302
-0.0941296
-0.119942
0.215027
-0.170407
0.0350002
-0.0412344
0.186989
-0.0694135
0.0124498
0.0386186
-0.0409132
-0.00530735
-0.0462814
0.0374687
-0.00349485
-0.0260251
-0.0112178
-0.0201953
0.0689764
-0.0110468
0.00851751
0.0856915
-0.0352385
0.0258742
-0.0205822
-0.0483128
-0.0390069
0.0229192
-0.0103663
0.0101451
0.0397117
-0.0480205
-0.070105
-0.033689
0.0435826
-0.00947704
-0.0107112
-0.0399411
0.0557951
0.026096
-0.122295
-0.0999645
-0.000144673
0.0168018
-0.138102
0.011756
-0.179367
-0.0603373
0.0773806
-0.0373339
0.0335017
-0.0189508
-0.0156365
-0.0181342
-0.0284043
-0.049208
-0.115706
0.111171
0.0734756
-0.0215328
0.0683328
-0.0434491
0.0748479
0.10175
0.076668
-0.0288031
0.0778341
0.0278449
0.0488645
-0.18247
-0.113638
-0.175306
-0.0697628
-0.0072463
0.126102
-0.128695
-0.0409118
-0.0707396
-0.0667988
-0.128021
-0.0558037
-0.239068
0.00260943
-0.0387691
0.111313
0.152734
0.0792231
-0.0738738
-0.0569583
-0.200641
-0.398515
-0.0210429
-0.0781078
-0.30753
0.00166038
0.130683
0.0668637
0.00631135
-0.0297453
0.0122385
-0.00935949
0.0274216
0.0252418
-0.0070277
-0.00438543
0.116387
0.0116168
0.0174502
-0.424077
0.0656306
-0.583142
-0.486064
-0.227716
-0.0364438
0.132465
-0.11194
0.0906429
-0.062844
0.176616
-0.245497
-0.064139
0.105137
-0.0261459
-0.00135263
0.0539501
-0.000385297
0.00710899
0.0207854
-0.105332
-0.00830818
0.0340802
0.0360533
-0.0173509
0.0191072
-0.0164387
-0.0227792
-0.00250396
0.00957208
-0.0104571
-0.00718803
-0.00802104
0.00633791
-0.0104683
-0.00736333
0.0039888
0.00086632
-0.00446019
0.00569726
-0.00385159
0.0170612
-0.00267931
-0.00164113
0.0023526
0.0109508
0.00395244
0.00214415
0.00182265
0.00458851
0.00245551
-0.00282014
0.0023519
4.33222e-05
-0.0103675
-0.0016487
-0.00568916
-0.00214412
-0.00934499
0.00729589
-0.00547026
-0.00583859
0.00669107
0.00320256
0.00359684
0.00465446
-0.00530659
0.00371607
-0.0027317
0.00530281
0.00181667
-0.00746014
-0.00516041
0.00652158
-0.023228
-0.0465949
-0.0013969
0.00842773
0.013674
0.00980683
-0.00291963
-0.0014925
0.00171386
-0.00376318
0.0124733
0.014427
-0.00170118
0.00205789
0.00562068
-0.00463976
0.0111268
-0.00778214
0.00493941
0.00392853
-0.00478705
-0.0025825
0.00447012
0.0190473
-0.0113285
0.0151578
0.0114709
-0.0458796
4.73556e-05
-0.0606254
-0.114065
0.0251282
0.00930007
0.0185111
0.0165754
0.00044823
-0.0472178
-0.0293546
-0.00913294
-0.0911465
-0.0206172
0.0344469
-0.074907
0.00948896
0.0310625
0.0013525
0.127688
0.0465373
-0.0463944
0.0816446
-0.0118097
-0.0962138
-0.0611701
0.00850878
0.0766814
0.0726152
-0.0153224
0.016361
0.0305219
-0.0270755
-0.069644
-0.0536728
0.068913
0.126734
0.071134
-0.045644
-0.0136456
0.0452931
0.0700479
-0.102257
0.106138
0.0532116
0.114341
-0.0677831
-0.0107654
-0.00199634
-0.0100916
-0.0106762
-0.0314315
-0.0498513
-0.063226
0.03046
0.00965854
-0.0905379
-0.00530902
0.0764888
0.318504
0.160035
-0.152817
-0.225466
0.0078273
-0.0701117
0.00437922
-0.00857668
0.0546277
0.189648
0.177559
0.251146
0.266684
0.123888
0.302002
-0.0509868
-0.207137
0.249761
0.00391087
-0.105495
-0.0176234
-0.119543
0.00020508
-0.259504
0.205806
0.0993165
-0.246995
0.0382575
-0.0473167
0.0588735
0.166656
-0.153862
-0.114008
-0.0399665
0.0735411
-0.0744227
-0.0258727
0.0733405
0.00576249
0.0213097
0.025211
0.120425
0.0315636
0.0227376
0.0255262
0.089613
-0.097677
0.0399303
-0.0321562
-0.0145888
0.0714043
0.030809
-0.000492722
0.00149207
-0.0400176
-0.050266
-0.0308232
0.00694719
0.0158873
-0.0214173
-0.00413071
-0.0175314
-0.0204087
0.0111191
-0.0353442
-0.0123192
-0.00460072
-0.0257853
0.0162865
-0.132121
0.062293
-0.0215811
-0.0579198
-0.100641
-0.0356946
0.00230901
0.0236513
0.0567139
0.0332834
-0.15361
-0.0665438
0.069457
0.0382328
-0.0516253
0.0726465
-0.02158
-0.0230821
0.0672993
-0.00525703
0.122813
-0.0106367
0.0322427
-0.187618
-0.043205
0.106885
-0.00555377
0.105566
0.16671
-0.076871
0.0252747
-0.244792
-0.0773054
-0.0192759
-0.0981817
0.0185728
0.0394507
0.14889
0.399492
0.132987
-0.193736
0.198486
0.225364
0.195672
0.0838996
0.347216
0.216668
-0.038038
0.184565
-0.00467352
-0.0131631
0.0359354
-0.0237545
-0.210371
-0.085303
0.0766971
-0.107127
0.064451
0.026644
-0.0667945
0.051638
0.133977
-0.0493265
0.0182078
0.0951646
0.025064
0.0418759
-0.0586432
-0.0422793
-0.0543149
0.0220374
-0.0170764
-0.0364807
0.0462075
-0.0230842
-0.0556899
-0.00676692
-0.0207408
0.0340962
-0.0228535
-0.00155284
0.00826814
-0.0175861
0.0773851
0.0200132
-0.0573319
0.0325515
-0.0184484
-0.0524153
-0.037527
0.0709565
0.0133336
-0.242498
-0.161587
-0.000578009
0.144783
0.0902308
-0.165601
0.00120545
0.00719807
0.169468
-0.0648369
0.24374
-0.607642
0.553788
0.0674531
0.00975068
-0.0416555
-0.0731578
0.0381829
-0.0666364
0.186446
0.000801635
0.031139
-0.00762015
0.0105053
-0.0349981
0.000413788
-0.0304393
0.00252039
0.0195651
-0.0130382
-0.0198436
0.00592496
0.0112496
-0.0125712
-0.0455828
0.000595356
0.0493747
-0.0439852
-0.0313644
0.0231127
0.00194536
0.0195346
-0.000782356
-0.0143555
-0.0104344
0.00672514
-0.00485838
0.0125945
0.0210782
0.00431596
0.0117675
-0.00118797
-0.0148535
-0.00271275
0.0173072
0.00238253
-0.000852572
-0.0114872
0.0271297
0.00611079
0.0202458
0.013041
-0.00508225
0.022511
-0.000377433
-0.00419958
0.00209366
-0.000576588
-0.03394
0.156061
-0.0186503
0.00714116
0.0382305
-0.0011013
0.00693687
0.0099909
-0.0108676
-0.00873848
0.0705657
0.0291481
0.00884084
-0.0382389
0.0460649
-0.111754
-0.00607589
0.0408777
-0.0528183
0.00384455
-0.0541585
-0.0962152
0.019656
0.0164157
-0.0198294
-0.0103254
0.0100945
0.043307
0.0611216
0.0533846
-0.00793165
0.00921842
-0.00614329
-0.0510432
-0.0276208
0.0592487
0.00777068
0.0221799
0.0681529
0.127853
-0.0151511
0.0556329
0.0639729
0.09627
0.0641168
-0.0529806
0.0426254
-0.151576
0.0359649
-0.0669676
0.046605
0.0956521
0.168008
0.222316
-0.0234996
-0.0916596
0.152036
0.111402
-0.0492939
0.0607185
-0.0660906
0.0439803
0.107741
-0.151038
-0.153531
-0.167015
0.346051
-0.153963
0.207182
0.0368619
0.101114
-0.0799481
0.0834775
0.0875221
0.115318
0.435023
-0.145155
-0.179733
0.0722074
0.0588218
0.0438633
0.0224583
-0.0371604
0.00952361
0.0176231
-0.0192976
0.0297465
-0.0209478
-0.00277762
0.0233369
-0.0379464
0.0358846
0.00141086
-0.0610619
0.0672552
-0.0716506
-0.0111024
0.0182317
0.0458015
0.0105856
-0.00519038
0.0169454
0.0285386
-0.053122
-0.0251574
0.00386344
-0.00224117
0.0111688
0.0432884
-0.0932149
0.00226549
0.00660248
0.0194011
-0.0309158
0.000482457
0.0130934
-0.0507595
-0.0154509
-0.0274359
-0.074287
0.0588451
0.0367709
-0.0395325
0.0109876
-0.0168008
0.03565
-0.00703259
0.0045082
-0.0578013
0.0568254
0.0071265
0.0347049
0.0194005
0.0238444
-0.060788
-0.0687496
-0.0740248
0.0278397
-0.156972
0.175806
-0.0640976
0.0914477
-0.161489
0.00977938
-0.0282778
0.0162424
0.0561019
-0.146134
0.0713521
-0.0793209
-0.0589604
0.167849
-0.201448
-0.0679069
0.279222
-0.0520617
0.035604
-0.17947
0.201563
0.120517
0.050524
0.0220135
-0.00829722
0.0977636
0.0972474
0.215845
-0.0805131
-0.0158125
0.100629
0.0427756
-0.0899218
-0.157544
-0.0292931
0.0322262
0.184057
-0.00341632
0.0605268
-0.0994582
-0.13968
0.0143936
0.217107
-0.133924
-0.293404
-0.181654
-0.136749
-0.238586
0.0627476
-0.0276945
0.0916617
-0.142672
-0.0991477
0.0851687
-0.231059
-0.131551
-0.201751
0.277954
0.216835
-0.261882
-0.154987
-0.0554407
0.0621755
0.0783055
0.037994
-0.0738768
0.0146261
0.0869949
0.0488565
-0.0986945
0.159298
0.0796769
-0.0270012
0.0203228
0.144359
-0.00998218
-0.0405515
0.00575691
0.18397
-0.142659
0.0157748
-0.00376469
0.0132707
-0.059268
0.0383589
0.0151614
0.0352057
0.00960102
-0.029123
-0.0332565
0.00666694
0.0214335
-0.0288347
0.0152165
0.00579975
-0.00952015
-0.0483616
-0.0486243
0.0235229
0.0116619
-0.0429833
-0.00489202
-0.012006
-0.0989075
0.00205649
0.0200882
-0.0271716
0.0163812
-0.00720111
0.00110027
0.0563592
0.039921
-0.0935069
0.00243297
0.0164706
0.0555514
-0.0735634
0.0587499
-0.0327124
0.0529153
0.0476953
0.0229854
0.0424923
0.0460276
0.0163679
-0.0569088
-0.0677758
0.0853829
-0.0215021
0.141995
-0.0267458
-0.0564887
0.0445555
0.088318
-0.0645807
0.134115
-0.00266337
0.00649588
0.00415571
-0.0364393
-0.158801
0.0408364
-0.0114351
0.10304
-0.108586
-0.0923053
0.020659
0.0133446
0.01079
-0.0511873
-0.0802758
-0.0831832
-0.152503
0.0517665
-0.131
-0.257106
0.0509968
0.253687
-0.0246444
-0.105455
-0.412864
-0.132467
-0.0934563
-0.019739
-0.0419376
-0.0153425
-0.261251
0.221303
0.0744427
-0.129841
-0.145796
0.275127
0.0981356
-0.0436626
0.024307
0.115912
0.150689
0.199668
0.0127618
0.0793903
-0.11601
-0.0419066
0.015588
0.068095
0.00440913
0.0401631
0.101165
-0.0581108
0.0704559
-0.00125522
0.0194178
-0.085487
0.0236642
-0.15997
-0.285452
-0.0548768
-0.126058
0.18327
-0.0618844
-0.0239014
0.363217
-0.0448396
0.385884
0.0514268
-0.128822
0.305141
-0.0294372
0.0943478
-0.0658669
0.160182
-0.107389
-0.16071
-0.0849294
0.319155
0.139584
-0.306591
-0.0362591
0.0248302
-0.0435556
0.139601
0.112134
0.0799236
0.217435
0.00389729
0.0475724
0.0370448
0.0239175
0.024821
0.0492972
-0.0553761
-0.0486012
0.00222526
-0.0103258
-0.00910797
-0.00707548
0.0391511
0.0097465
0.00894926
0.0165548
-0.00113627
0.013356
-0.00591606
0.00139048
-0.00849844
-0.0094472
-0.00578681
-0.0210765
-0.0127437
-0.00198838
0.0215308
0.000333911
0.00745456
-0.00496873
-0.00218054
0.0145207
-0.00353715
0.0121085
-0.004248
0.00217187
0.00509039
0.00849087
0.0191637
-0.0390585
-0.0284427
-0.00326582
0.0675996
0.0579138
0.105356
-0.0356237
-0.0125058
0.040315
0.0487157
-0.038942
0.051512
-0.00904166
-0.0846613
0.0597724
0.00629357
0.00136311
-0.0142
-0.0300166
-0.0148308
0.0303757
-0.109296
-0.114393
0.146165
0.129275
0.0791265
-0.0321617
-0.150573
0.106285
-0.230096
-0.0311553
0.0982272
-0.0722206
0.255182
-0.0476531
0.00310769
-0.184231
-0.129523
-0.0978452
0.173422
0.00571093
-0.142564
0.0676681
0.304429
0.18309
-0.172862
0.0480743
-0.12326
-0.17865
0.0999428
0.212747
-0.00917131
-0.145972
-0.19147
-0.0177039
-0.135631
-0.0957477
-0.00642108
0.0850369
-0.0972715
-0.0595962
0.302867
0.0519248
-0.0459305
0.000149572
0.085092
0.073943
-0.104587
0.000925318
-0.0280986
0.134272
0.0543811
-0.0872185
-0.019402
-0.173154
0.0282001
0.0148815
0.013704
-0.105167
-0.0323189
0.0364746
-0.000552916
0.00362009
0.0322587
0.00393244
0.0677408
-0.0511173
-0.0222827
-0.1474
-0.0831174
0.172843
-0.104338
0.178812
-0.125459
0.220788
0.486491
-0.236426
0.696047
-0.0938461
0.0186177
0.0702104
-0.0679359
0.010067
-0.0290992
0.0796652
-0.0983202
0.0341233
-0.0378358
0.0191045
-0.00194934
-0.0149076
-0.00857098
0.00638299
-0.0302188
-0.00592824
0.00491777
-0.00837619
0.0113707
0.051664
-0.0196962
-0.0161943
0.00826389
-0.0225443
-0.00231922
-0.0120756
0.0112801
-0.00057871
0.0273201
-0.0038114
0.00705626
0.00346024
-0.00323589
-0.0160017
-0.0181405
-0.000266684
0.00445161
-0.007407
-0.00469439
-0.0116098
0.00474313
-0.00384573
-0.00134491
0.000957022
-0.00314765
0.00803749
0.000243814
0.0135153
-0.00168417
-0.00268492
0.00603772
-0.00552112
0.0102831
0.00709861
-0.000721761
-0.00570368
-0.00267507
-0.00329079
-0.00618349
0.00747471
0.00544761
-0.00572883
0.0043543
0.0113216
0.00224285
0.0474305
0.0337289
-0.0258112
-0.016284
0.109072
-0.0213008
-0.0708127
-0.555994
-0.309554
0.139157
0.226385
-0.0752687
-0.033812
0.0855061
0.0328924
-0.0364186
-0.28035
-0.0151801
0.327369
0.205611
0.16447
0.295684
-0.0480493
-0.0466802
0.098233
-0.0648418
0.0100418
-0.0680373
-0.025494
0.0482569
-0.0783553
0.0522541
0.00682753
-0.0342474
-0.0549706
-0.0432496
-0.0859675
-0.0302108
-0.00874779
0.00284115
0.00435074
-0.0111958
-0.00877028
0.0155121
0.082707
0.0428564
-0.00243719
0.010784
0.16901
-0.0505466
0.02318
0.0572409
0.130729
-0.0700903
0.0249189
-0.0381853
0.0180966
-0.00133313
-0.0496694
0.0029996
-0.00166394
-0.0331896
-0.0456977
-0.0501603
-0.0265168
0.0424637
-0.0452926
-0.0101114
-0.0333863
-0.055394
0.0428468
-0.0241166
-0.0204555
-0.00629575
-0.0152169
0.0341291
0.0422205
-0.0909116
0.0522584
-0.168131
0.223414
-0.0189185
0.0590678
0.012082
0.146162
-0.0211432
0.154703
-0.040525
0.144975
0.0210386
0.00126587
-0.041057
-0.0434398
-0.0136019
0.186877
-0.0768732
0.112849
-0.264336
0.0999603
-0.00363848
0.00743447
-0.0254947
-0.011933
0.0434613
0.15191
0.0492672
0.0180685
-0.263224
0.0117253
0.0738341
0.110967
-0.0849283
0.224479
-0.00875031
-0.105404
0.0739442
0.475138
-0.0465471
-0.0372559
0.209902
0.103069
-0.0972056
-0.18425
0.0841801
0.298265
-0.106829
-0.0793636
0.111407
0.00900993
-0.0217143
-0.100611
-0.0102063
-0.0702062
0.0885153
-0.0136494
0.0361467
0.039808
0.0519948
-0.0529958
0.0219642
-0.0386951
0.047133
-0.0497926
0.00328671
-0.0340373
0.0627353
0.0562695
0.0178242
0.0542004
0.00879182
0.000419603
-0.0218638
0.0289499
0.0203402
0.000867004
-0.00565358
-0.00564522
-0.0871511
0.0199052
-0.0570832
-0.0435156
0.0439244
-0.0515141
0.0100996
0.010571
0.00195368
0.0116579
-0.0039536
0.328968
0.347512
0.17452
-0.283601
-0.0776592
0.0853053
-0.109219
0.0988664
-0.0534908
0.287329
-0.257797
-0.0382863
0.483955
0.135898
-0.118827
0.221288
0.00891677
-0.100565
-0.0397051
0.0784216
0.0544254
-0.157614
-0.0447685
0.0475579
0.0126556
0.0802465
0.0464927
0.0620443
0.244158
0.013532
0.0182322
0.0126211
0.0229361
0.0376704
0.0280911
-0.0412272
-0.0565278
-0.00531243
-0.0153275
-0.00652978
-0.0360333
0.0325772
0.016146
-0.011539
0.00399631
-0.0035448
0.00671651
0.00489502
-0.000262789
-0.0251684
0.0162565
0.0174774
-0.000790747
0.0145739
-0.0209402
0.0162714
-0.0152203
-0.00539218
0.00277666
-0.00181324
0.0207603
0.00184643
0.00347653
-0.0106596
-0.00157355
0.00113016
0.0195981
-0.00593807
0.0105022
-0.00360967
0.00519526
0.00507204
-0.0132696
-0.000768834
-0.00452048
0.00422325
0.0334496
0.00313856
0.0154924
0.00419529
-0.000945073
-0.00228292
0.0136308
0.00868527
-0.00025158
0.00159467
0.0166716
0.00552319
-0.00638799
0.01611
-0.0141513
-0.015156
-0.00172767
0.00858529
0.0157514
-0.0209869
-0.00577061
0.00919012
0.024848
-0.0513993
-0.00534842
0.0236845
-0.00734262
0.00905131
-0.0172092
0.00153208
0.00689512
0.0048545
0.0201489
-0.0316796
-0.035947
-0.0457996
0.107275
0.111586
0.0182767
-0.185385
-0.0633447
-0.193199
-0.219113
0.0356086
-0.0811316
-0.0293722
-0.114903
3.72062e-05
-0.0318676
-0.000986801
0.185448
-0.126463
0.00291774
-0.147051
-0.093539
-0.208775
-0.183441
-0.192213
0.128697
0.0287144
0.0334186
0.00434096
-0.101211
0.0602876
-0.0566017
-0.203945
-0.0796633
0.0891003
0.0387431
0.208191
-0.172437
0.100733
0.105236
0.0307172
0.0275917
-0.0119851
-0.0556671
-0.0394533
0.00549249
0.00208428
-0.0604166
-0.0201303
0.0182258
-0.00493141
-0.0475005
0.0200457
-0.0289834
-0.112726
0.00571909
-0.0101642
0.00724401
-0.023464
0.0284346
-0.0750648
-0.0239504
0.0292175
0.0863301
-0.0944586
0.0917022
-0.0524574
-0.112819
0.0796342
-0.0437557
-0.174374
-0.0202377
-0.160714
-0.13975
0.200466
-0.261241
-0.0653425
0.146005
-0.204765
0.0783275
-0.105442
-0.0396558
0.1817
-0.149065
-0.0481885
0.146861
0.271334
0.153113
0.172902
0.191747
-0.0588547
-0.179652
-0.0291009
0.0511054
-0.0202832
-0.069077
-0.0354754
0.00784746
-0.000223878
-0.0854477
-0.00508286
-0.11487
-0.0159734
-0.0633379
-0.0020455
0.112911
-0.0787463
-0.130455
0.200915
-0.1196
0.164143
0.157289
0.059117
-0.0537275
0.0310529
-0.0768558
0.0740842
-0.0559782
-0.023097
0.0348483
-0.00716392
0.046011
-0.00683521
-0.00818071
-0.028255
-0.01677
0.0370632
-0.0852798
-0.0950219
0.019816
-0.0343846
-0.0566589
0.152327
-0.188845
0.0106233
-0.0281694
0.0230346
-0.135357
-0.0423015
-0.0136223
-0.0199995
0.053807
-0.0639091
-0.0454075
-0.0923234
-0.0162291
0.085759
0.194942
-0.0751717
0.0244437
0.0476906
0.0439924
-0.103029
-0.0109879
-0.000485863
-0.0461125
0.0223289
-0.00287928
0.0202358
0.0190433
-0.023579
0.0643757
-0.0253248
-0.016577
-0.0946116
-0.0464326
0.0962381
0.0223713
0.107063
0.0128222
-0.0307257
0.0421965
0.0393763
-0.0600254
-0.0544167
0.0105498
-0.110878
-0.07199
0.104822
0.0912898
0.177956
0.122257
0.0162584
0.171633
0.113875
-0.00949571
0.0175308
0.0321661
0.0105088
0.192508
-0.10715
-0.0332173
-0.0324917
-0.050289
0.144663
-0.0850165
0.0542163
-0.15923
0.0359608
-0.0613692
0.282724
-0.0734477
0.15501
-0.14367
-0.00260077
0.0074109
-0.0105382
-0.227704
0.00534324
-0.101478
0.170664
-0.452741
-0.0853833
0.0928591
0.13367
0.0590685
0.00900046
-0.245162
0.0793571
-0.0602143
0.2132
-0.146117
0.0529679
0.0410899
0.0336788
-0.00809291
0.100666
0.0928559
-0.0336904
0.0473642
-0.408832
0.00988687
-0.0249578
0.0711305
-0.0811236
0.215132
0.00322
-0.038402
0.0426273
0.329742
-0.00495045
0.00738635
0.0345591
0.0199273
-0.0232472
-0.00670149
-0.00559244
-0.0713335
0.0390546
0.0297678
-0.00481053
0.0132261
-0.0387163
-0.0238095
0.0343929
0.0121394
0.0161044
-0.0286579
-0.0270569
-0.0242627
0.000778487
-0.0338761
0.0229381
-0.0534002
0.0413771
-0.0164374
0.0220353
-0.018691
0.0435629
0.0237897
-0.00475464
0.0160429
0.0283366
0.00914934
-0.0146625
0.0114977
0.00969002
-0.00927251
0.00409377
-0.079104
-0.138988
0.0143295
-0.0322424
-0.144182
0.141457
-0.0943691
0.0279508
0.0828892
0.114167
-0.0218912
0.0533285
-0.0179777
-0.18527
0.151756
0.115711
0.0918852
-0.117763
-0.0192808
0.00918199
0.103141
-0.197303
-0.110241
0.270309
0.228621
-0.0267938
-0.164054
0.276537
-0.153327
0.372657
0.0610685
-0.118522
-0.0745649
-0.00122814
-0.0907656
0.138188
-0.0508163
-0.0420106
0.0652834
0.0447919
-0.128721
-0.0102506
0.0513831
-0.0178946
0.00365138
-0.10978
-0.0711086
0.00633306
0.0545384
-0.0150495
-0.0529245
0.016293
0.000590291
-0.0401857
-0.0439627
-0.00902791
-0.060246
-0.0106551
-0.146083
0.113785
-0.0699623
-0.0306314
-0.0401737
-0.0173822
0.0115669
-0.00328984
-0.067718
-0.00654815
0.118932
0.0847887
0.0351265
-0.0885016
-0.229874
-0.20149
0.0261895
-0.0304255
-0.102253
0.062517
0.0431315
0.0084898
-0.0561066
0.0307479
-0.00115034
-0.0133935
0.205393
-0.0254572
0.0437044
-0.0428183
-0.186418
-0.0927615
-0.0964829
0.00499805
0.0362082
-0.0017203
-0.00945558
-0.0855508
0.0160018
0.0244273
-0.0566928
-0.0458231
-0.00648403
-0.0478047
-0.00343544
0.0158105
0.0162509
0.0207075
0.0934303
-0.0406704
-0.15657
-0.110387
-0.03183
-0.150467
-0.00651818
-0.137718
-0.125672
0.0683348
-0.205914
-0.0080714
0.101238
-0.0540838
-0.101176
-0.126147
-0.00669006
-0.0148505
-0.0183742
-0.074694
-0.0717284
-0.175966
0.00897185
-0.160441
-0.137499
0.14558
0.243483
0.0691627
-0.0976953
-0.041251
0.0233172
0.0619808
-0.216261
0.118199
-0.0810321
0.214269
-0.0626641
0.122614
-0.152573
0.340265
0.0646601
0.223246
-0.0568278
-0.139023
0.0047052
-0.11131
-0.0354968
0.110897
-0.00111405
-0.182137
0.0546556
0.0790269
0.00168506
-0.0695452
-0.519009
-0.00267573
-0.0555953
-0.0463843
0.026008
0.0920796
-0.0474225
-0.0150271
0.138322
0.0594715
-0.0472448
-0.0632292
0.106532
-0.051299
0.0715137
0.233988
0.101241
-0.130612
0.152468
0.0139285
0.0139962
0.204878
-0.000919242
-0.00605627
0.0331356
-0.12357
0.0336215
0.00354227
0.366066
-0.0947883
0.00399957
-0.0731674
0.0693454
0.0353486
0.0399463
-0.0314695
-0.207298
-0.0277627
-0.0451081
-0.152458
-0.0216819
-0.0727088
-0.0845165
0.100305
0.00946446
0.0345672
0.0631597
0.0910673
-0.0488426
-0.0442374
-0.0733774
-0.0193867
-0.0725386
0.342452
0.0513446
-0.0608584
0.089312
-0.0839643
-0.0278186
0.13242
-0.0582777
-0.0783612
-0.00656232
0.0354255
-0.0191563
0.0593465
-0.0076849
0.0420739
-0.0876344
0.109306
-0.0240516
-0.0548044
0.0620942
-0.0239135
0.0238152
0.0479861
-0.0318159
0.0832326
0.0192297
0.0382903
-0.237765
-0.278905
0.0152562
-0.182251
-0.235171
0.0967389
-0.1606
-0.0187074
-0.208258
-0.00281253
0.230136
0.212554
-0.186066
-0.139892
0.03387
-0.276896
-0.0692607
0.121588
0.0255813
0.0199786
0.0478604
-0.219978
-0.047482
-0.108336
-0.102268
0.0778685
-0.0334317
0.138757
-0.0093476
-0.341103
0.071462
0.0311047
0.0794043
-0.0394487
0.0743599
-0.0743607
-0.0410507
0.0332308
0.0192616
-0.0249305
-0.0830405
-0.0564452
0.0133384
0.0997121
0.0217237
-0.0586697
-0.0301027
0.0246908
0.103662
0.021277
-0.0251434
0.029417
0.144858
0.0058932
0.0766922
0.0929003
0.192667
-0.13649
0.090459
-0.118352
-0.0244378
-0.00898912
-0.0726406
0.00540041
-0.0210663
-0.0728187
-0.0834616
-0.0231642
-0.0297353
0.0522396
-0.0739766
-0.0215768
-0.0158626
-0.0377223
0.060424
-0.0634094
-0.0109526
-0.0145954
-0.0254392
0.0630882
-0.078807
0.45162
-0.0112863
-0.15116
-0.299458
0.156369
-0.0959379
0.0199807
-0.134638
0.0135522
-0.147743
-0.067655
0.100051
0.00910021
-0.056983
-0.171241
-0.00965578
0.00756059
0.133045
-0.0352924
0.0479257
-0.221454
0.00464272
0.145316
0.248905
-0.227931
0.0311962
-0.287678
0.0702334
0.0483086
-0.0529534
0.116393
0.196869
-0.171833
0.155819
-0.13553
0.149284
-0.0109076
-0.0480384
-0.111566
-0.072867
-0.0041501
-0.0804598
-0.0204103
0.0759223
0.0674722
-0.0576406
-0.0491848
0.00788961
-0.0406997
-0.0464821
0.0277628
-0.000128685
-0.168716
-0.0245561
0.0573447
-0.0357753
-0.0507048
-0.0893352
-0.00525167
0.0243858
0.0484681
0.0195055
-0.0141048
0.0213419
0.0557554
-0.021031
-0.0227322
-0.0458088
0.0329922
0.00636444
-0.00946981
0.00113822
-0.0256948
0.00206043
0.0208189
-0.0255706
0.0160995
-0.0102521
0.00609409
-0.147336
-0.03756
0.0279725
-0.0491215
0.123887
0.0593197
-0.0312803
-0.0128536
-0.169614
-0.135398
-0.00786178
-0.0633968
0.00101435
0.142141
-0.187706
0.0710006
0.0548437
-0.0533523
-0.199758
-0.114592
0.0382605
-0.140657
-0.0312367
0.117593
0.104847
-0.0453743
0.0439989
-0.0640945
-0.0675891
0.0180754
-0.0130906
-0.102983
-0.01714
-0.00441938
-0.0617185
-0.00108797
-0.0766447
0.00243807
0.0301208
0.0367017
-0.020351
-0.0694891
-0.0514176
0.0294009
0.0464401
0.156732
0.0295994
-0.114632
-0.00466934
-0.119368
-0.072551
0.0768678
-0.124752
0.0809858
0.0969792
0.0481218
0.0827651
0.0905906
0.0499809
-0.178833
0.080605
-0.220469
-0.100609
0.0807134
-0.246679
-0.142193
-0.184602
-0.160651
0.0653987
-0.102734
0.0567362
0.152658
-0.114172
0.113682
-0.0259821
0.0369674
0.0769802
-0.18712
-0.0569551
-0.0860778
0.370057
-0.143385
0.0561275
0.0250449
-0.163752
-0.0695167
0.0180643
0.0180402
-0.0563778
-0.00306161
-0.106446
0.00999795
-0.129925
0.00813785
0.00732735
-0.0532894
-0.0257565
0.0418605
0.0375205
-0.0455194
0.0718968
-0.136084
-0.130868
0.11849
0.1351
-0.111903
0.0429526
-0.132048
0.0881202
-0.0627925
0.0172753
-0.0497048
-0.0909831
0.314551
0.00168302
-0.0331214
-0.175477
0.0597646
-0.04319
0.017781
0.0815464
0.00352621
-0.0873368
0.0333365
0.0703238
0.281452
0.157795
-0.0736167
-0.00463173
-0.08587
-0.054963
0.0160335
-0.0671696
0.22704
0.025993
-0.0577775
0.115539
-0.0199064
0.0769317
0.10405
0.0597598
-0.0268042
0.017424
0.0267875
-0.00506135
0.0457011
-0.0664104
0.116041
-0.095004
0.0702321
-0.0232035
-0.242359
-0.0119499
0.12401
0.0987269
0.0410334
0.0137789
0.0240739
0.219789
0.0404048
0.100616
-0.163439
0.0582069
-0.101875
0.323897
-0.0783406
0.10604
-0.0231512
0.045187
-0.0202575
0.271365
0.131769
-0.18474
-0.142608
0.172072
-0.000203988
0.0865759
-0.0884901
-0.25662
0.037693
-0.166693
0.155597
-0.0963045
0.168924
0.0672541
-0.161592
-0.0593649
-0.0758549
0.167797
0.0923179
-0.0634916
0.188465
0.173741
-0.18177
0.0878378
-0.0690096
0.0643866
-0.00657785
0.0534892
-0.167379
-0.189265
0.0631351
-0.0514473
0.191056
0.137558
0.224012
0.0707889
-0.018448
0.131297
-0.0745506
-0.045064
0.0623458
-0.0286711
-0.147355
-0.00934921
0.0770597
-0.0520374
0.0249919
-0.0675409
-0.0242914
0.0472225
0.0830231
0.0118167
0.0100348
0.0170964
0.0575498
-0.0234615
-0.0595982
-0.049083
0.057052
0.0113489
-0.0366487
0.0174499
0.00357053
0.02643
-0.00149271
0.00988397
0.0294164
-0.0023209
0.00755045
0.00871482
0.0558804
0.00276047
0.0139569
0.0514206
-0.0965148
0.0774765
0.00409013
-0.0489274
-0.0905277
0.0304122
0.05215
0.0150856
0.180862
-0.122863
0.0762584
-0.0414754
0.0393174
0.202157
-0.0254264
-0.0228154
0.221939
-0.211359
-0.0991199
0.0373998
-0.128226
0.0638
-0.140674
-0.0135517
0.305167
-0.0277861
0.0256002
-0.0446295
0.192805
0.0378511
-0.0284685
-0.0243333
-0.0472134
0.108339
0.153501
-0.0443578
-0.0911485
0.111429
0.233028
0.172473
-0.17158
0.00388707
-0.0926282
-0.00367017
0.091145
0.0445899
-0.0315427
0.358386
-0.0556187
0.0732616
0.136868
0.240879
-0.183315
-0.0438019
-0.00344827
0.0588264
-0.0139539
-0.134952
0.0294707
-0.061211
-0.0258522
-0.102981
-0.0958967
-0.0873213
0.0396382
-0.0840778
0.0208005
-0.0505361
-0.154609
0.112805
-0.0921844
-0.0382039
0.0187282
-0.0369337
0.071478
-0.203216
-0.0356128
-0.00488325
-0.201383
-0.202082
-0.546921
0.265511
0.0846894
-0.00534645
0.0449052
-0.0109877
-0.0929214
0.0329652
-0.0127986
0.0457313
0.0252573
0.0390283
0.0446755
-0.034258
0.0111215
-0.0450444
0.0335749
0.153955
0.112459
0.0905413
-0.34892
0.067403
0.146958
-0.239376
-0.188613
0.0189138
0.0314171
-0.0905904
0.0319928
-0.0663507
0.114862
0.192837
-0.166253
-0.151605
0.00138733
-0.0130694
0.0810148
0.105492
0.0889524
0.0451468
-0.0191111
0.0266688
-0.122893
-0.0216172
0.00478402
0.052279
-0.00698522
-0.0285731
0.0735779
0.0062662
0.00438573
-0.057433
-0.0209329
0.0495681
-0.00630597
-0.0209272
0.0737746
0.036384
0.00753247
-0.0465832
-0.0102798
-0.0453224
-0.00839084
-0.0187291
-0.00547996
-0.00029801
0.0195436
-0.00138952
0.00975824
-0.00578117
-0.0235642
-0.00356166
0.00367036
-0.0148191
0.0196373
-0.0776576
-0.112084
-0.147945
0.660426
-0.174621
-0.210944
-0.0617854
-0.0460674
-0.266055
-0.19638
0.309747
-0.209478
0.233268
-0.0525097
0.117593
-0.0782208
0.0771482
-0.223102
0.0819936
-0.0246663
-0.0147792
-0.0582748
-0.0345602
0.0981464
-0.0216471
-0.0382104
-0.0139326
-0.0349965
0.0882508
-0.0110336
-0.00441922
-0.00831686
0.00816607
0.0173423
0.0203546
-0.0288531
0.0353503
0.0333004
0.0257364
0.0283886
0.00149248
0.022132
0.0137699
-0.00936133
-0.00345841
0.0204355
-0.0316301
0.0239651
0.059336
-0.0283059
-0.0458001
0.0233884
-0.018341
-0.0702325
-0.0216378
0.0348922
-0.021421
0.00592352
-0.0451299
-0.00570993
0.00130763
0.0213056
-0.00891132
0.00490013
0.00880359
0.0191999
0.00927862
-0.0204039
-0.0175568
0.0135102
0.00444813
0.000455398
-0.00250321
0.00543695
0.00774291
-0.0043943
0.00351599
0.000931994
-0.00710209
0.00182925
-0.00590827
0.0148224
-0.000696228
0.0217194
-0.0129578
0.00655272
-0.0101262
0.004342
0.0367515
0.00574866
0.0591875
0.0117993
0.022156
0.00963072
-0.00687147
0.0183959
0.00330241
-0.0052227
-0.0168734
-0.0257192
-0.0104169
0.0355722
-0.00392377
-0.0288454
-0.0216807
0.0382077
0.0718558
-0.0988192
-0.163857
-0.125622
-0.0546284
-0.0771892
-0.0053577
-0.0857929
-0.0342647
0.0340135
-0.0186534
-0.0126499
0.041633
-0.0326692
0.0378646
-0.0721973
8.57434e-05
-0.0195622
-0.0546794
-0.010841
0.0263508
0.0111206
0.0578672
0.0173174
0.0962692
0.0155752
0.0527864
0.00169445
-0.0444209
-0.0867235
-0.00593524
0.176304
-0.000119207
0.0611672
0.134137
-0.0514184
-0.0530195
-0.0200636
-0.0160894
0.00645961
-0.392372
-0.155245
-0.0635394
-0.032183
0.148695
-0.155645
-0.138871
-0.171313
0.194727
0.245419
-0.107308
0.186983
0.045447
-0.152523
0.0133325
-0.0794809
-0.00156648
0.012341
-0.117165
0.0763765
-0.0684523
0.01376
0.0638306
0.0905836
-0.0643215
-0.03227
0.125258
-0.186395
0.0169911
-0.00380082
0.0825319
-0.0449102
-0.236797
0.0246671
-0.178381
-0.124805
0.338567
-0.0276106
-0.155151
-0.0691083
0.0227819
-0.105148
0.014525
0.158884
-0.0594573
0.192827
0.0324094
-0.17616
-0.0795036
0.0433863
-0.0678912
0.133801
0.179125
0.12214
0.423317
0.00487163
0.170709
0.151518
0.0775826
0.0298025
0.105784
-0.15751
-0.243234
0.0517586
-0.0615523
-0.0213264
0.0488693
0.038121
0.0886656
0.0662669
0.0772538
-0.0924626
-0.0147873
-0.0887119
-0.103165
-0.045763
-0.0866712
0.0774212
0.0340238
0.0685213
-0.077572
0.0681596
-0.0554188
0.0706622
0.00185451
-0.000460361
0.0294947
-0.00820963
0.0790065
-0.0465698
-0.0116748
0.0740852
0.0115379
0.00262263
0.064554
-0.0104688
-0.0101068
0.186003
0.161562
0.415427
-0.191494
-0.0748903
0.0227681
-0.0473035
0.0956343
0.170666
-0.0734673
0.00429151
-0.13098
-0.0736986
-0.0452047
0.0334029
0.239659
-0.000431023
-0.161811
0.21532
0.321758
0.132094
0.172215
-0.430803
0.0879065
0.13883
-0.159221
-0.179779
0.0421891
-0.0578539
-0.0602972
0.0840941
-0.0412367
0.0276418
0.0919142
-0.0162559
0.0369786
0.107852
-0.0213183
0.115841
0.155799
-0.00243268
-0.0488304
0.0454648
0.0392775
-0.0239604
0.0691528
0.00253042
-0.0130366
1.20106e-05
-0.0488546
0.0296357
-0.0057307
0.0194969
-0.0219305
-0.00555569
0.0146364
-0.0055487
-0.0139555
0.0263509
0.00256229
0.00251447
-0.00313012
0.00811731
0.00523855
0.00531447
-0.0168806
-0.0148401
-0.0107201
0.00531281
0.00282162
0.0164103
-0.00272272
-0.0166895
0.00189276
0.00192108
0.00373038
-0.000237809
0.0112105
-0.0094935
-0.00191101
-0.0147536
-0.0192681
0.000951498
-0.0120019
-0.0345907
-0.0283886
0.00251701
-0.0205469
-0.00366354
-0.00768091
-0.0139377
0.00122319
0.00375425
0.0129677
0.00838621
-0.00688509
-0.0158588
-0.0129127
-0.0160886
0.0254672
0.0136796
0.00718386
-0.0508516
-0.0266437
0.0920551
0.150355
0.0365199
0.0157346
0.0780577
0.0244439
0.0427956
0.0376768
0.00757663
-0.0498999
0.0299529
-0.025416
0.0180263
0.0378785
0.0192531
-0.0176275
-0.034753
0.0278602
0.0184157
0.00764628
0.0475877
-0.0293023
0.0141242
0.0712289
0.00706318
0.186482
0.106822
-0.212588
-0.030702
-0.135645
-0.0359749
-0.0746919
-0.104288
-0.00681132
-0.00603701
-0.056584
-0.0983864
-0.144006
0.0550906
-0.207762
0.0657065
0.0165184
-0.239843
-0.0902656
0.0155563
-0.124617
0.121639
-0.326761
0.14626
-0.0339323
0.0929669
-0.162148
-0.0433912
0.228326
0.20236
-0.0217245
0.178708
0.119118
-0.0363069
0.0992283
0.0417554
0.15427
0.0931461
-0.200353
0.0952767
0.324546
-0.105155
0.0145758
0.176955
0.0946714
-0.129444
-0.181694
0.0333223
0.083605
-0.0639931
0.0992619
0.0856475
0.0960605
-0.00660416
-0.0275826
0.213943
-0.105801
-0.298768
0.129976
-0.0453984
0.146768
-0.0217111
0.111975
-0.166779
-0.105963
0.0605673
-0.0576321
-0.0891071
-0.0694204
-0.0933499
-0.0679496
0.0509627
-0.0050889
0.00610274
-0.0137415
0.118782
0.080427
0.0516915
0.00897997
0.0400271
0.219011
-0.0539499
0.0543448
0.0663356
0.218758
-0.0537419
0.13773
-0.162541
0.0106499
0.0441534
-0.10864
0.00837909
-0.0259994
-0.0873604
-0.0102867
-0.0668371
-0.0234425
0.0599309
-0.0453289
-0.0385715
-0.0450548
-0.0312074
0.0382564
-0.0182394
-0.0428612
-0.0286207
-0.0331531
0.0886339
0.123323
0.107329
-0.00678455
0.000496203
-0.337493
0.0190436
-0.0622366
0.152023
0.39319
0.036325
0.403445
-0.0116085
-0.0790839
0.155166
-0.118246
0.113436
-0.0283286
-0.0378318
-0.0469568
0.04661
-0.0290037
0.00481374
-0.0133594
-0.0129081
-0.00188431
-0.0477298
-0.0135499
0.00471344
0.111425
-0.0186844
-0.0476923
-0.00226681
0.0420955
-0.0451841
0.0267769
0.0451744
0.00570908
-0.0336917
0.0147355
-0.0679829
-0.0336743
0.0157642
-0.0204417
0.0224547
-0.0839669
-0.0845973
0.0693404
0.0536163
-0.0163708
0.016533
-0.00240802
0.0323309
0.00543986
0.0492037
0.0391127
-0.0542846
0.0916346
0.0482449
-0.0662757
-0.0751547
0.0131031
0.0283079
-0.190943
0.10149
-0.208348
0.0338112
0.124949
0.0357632
-0.0235
-0.252228
0.228709
-0.0635246
-0.201508
0.0810951
-0.0290449
-0.111412
0.115317
-0.053509
-0.0162801
-0.016494
-0.0104108
0.0238689
0.0105961
0.00120376
0.0165182
0.00144354
0.0121435
0.00758526
-0.0533798
-0.00247847
-0.0359519
-0.0190546
0.0303978
0.00224413
-0.0175949
-0.0284185
0.0023817
0.00120236
-0.0237408
-0.0505057
-0.00641644
-0.0599656
0.000157003
0.0306631
0.0256145
0.0264599
-0.0327591
0.0064727
-0.0865999
0.0559643
0.0183557
0.0409569
-0.053811
0.0574133
-0.0579136
-0.0245501
0.00474577
0.0304808
0.00441215
-0.0245969
0.0367404
0.110253
-0.00122472
0.199887
-0.0218476
0.128522
0.0519859
0.302634
0.13482
0.0514471
0.233547
-0.121742
-0.0192212
0.0115988
0.200494
0.222407
0.139638
-0.021109
-0.217296
-0.0163575
-0.00363557
-0.078224
0.209483
-0.0442058
-0.199152
0.0123562
-0.0602156
0.243377
0.139617
-0.15125
0.0464022
-0.150199
0.0322761
0.0391675
-0.0674834
0.0699784
0.121679
0.0846041
-0.089978
0.191638
0.00474025
-0.00534162
0.015084
0.0108576
-0.000869962
0.00717045
0.00227071
0.0120363
0.00996664
-0.0031711
-0.0228331
-0.00396595
0.00449685
-0.0105646
0.0192924
0.0133076
-0.00387758
-0.0070562
0.0292926
0.0205522
-0.0210607
0.0208337
-0.00878432
-0.00379152
-0.00869907
0.0391554
0.0224602
-0.100389
-0.0816038
-0.0510502
-0.0344767
-0.0921742
0.0411185
-0.00731654
0.0436285
0.0231921
0.0412757
0.0368092
0.0522296
0.0249194
-0.00843912
-0.0288336
-0.0491098
0.0451528
0.0278091
-0.0324903
0.0441727
-0.0319171
0.0356052
-0.0525298
-0.126848
0.109831
-0.113819
0.0789876
0.203846
0.0366233
0.112815
0.0352776
-0.0265442
0.0458842
0.163133
0.00504972
0.354155
0.0986729
0.0303034
-0.0724594
0.148478
-0.117398
0.127579
-0.0897255
0.198532
0.148137
-0.0233442
-0.131643
0.0313928
-0.199561
-0.260708
0.279635
-0.130614
0.0162135
0.014935
0.0273766
-0.000432952
0.0194108
0.00882672
-0.0562405
0.0519318
0.009393
-0.0073577
-0.00357683
-0.0433366
0.1736
0.0415298
-0.0795464
-0.170939
0.268142
0.0453697
-0.0170631
0.274992
-0.205464
-0.65931
-0.285159
-0.276273
-0.0616065
0.11896
0.114545
-0.0639963
0.0699105
0.0706657
-0.134013
-0.0491279
0.0565306
-0.0416249
-0.124291
-0.114307
0.13063
0.0642464
-0.0212753
-0.0133536
-0.0283165
0.0607659
0.0368652
-0.0139566
-0.053781
-0.0249805
0.0476351
0.00573764
-0.0119886
0.0208395
0.000568879
-0.0179081
0.00103804
0.0147104
-0.0128303
0.00894046
0.00994296
0.00758027
-0.0122564
0.0182223
-0.0079565
-0.0108631
-0.0185666
0.0192304
0.00310476
0.0288601
-0.0103896
-0.0079889
0.0031087
-0.00842899
0.0186419
-0.016554
0.00767443
0.0198004
0.0108381
0.00367216
-0.0166823
0.00270641
-0.00616374
0.0132469
-0.00850414
0.0064893
-0.00603192
-0.00363819
-0.00247349
0.0019485
-0.00766344
-0.00988539
0.0125019
-0.0100184
-0.0266265
-0.015746
0.00383599
-0.0118615
0.00353457
-0.0167655
-0.0137497
-0.0146877
0.00560186
0.00502969
0.0362606
-0.010155
-0.0352846
0.00295553
0.00295165
0.00935009
-0.0257358
-0.0191129
0.0595277
0.0574399
0.0603401
0.0294237
0.0329352
-0.01264
0.00496852
-0.0255017
-0.0128215
-0.00860373
0.00686938
-0.0253937
0.0450261
-0.030804
0.0328164
-0.040797
-0.0301787
-0.0769681
0.0121675
0.0163637
0.00407094
-0.044097
0.0612064
-0.0680538
-0.0109673
0.0467395
-0.0576132
-0.0354465
0.0592024
-0.163707
-0.145644
0.204867
0.0421974
0.13132
0.0464862
-0.198544
0.127161
-0.0735922
0.100749
-0.114365
-0.074295
0.163786
-0.0631335
0.0468595
-0.0616002
0.118374
-0.075639
-0.0229419
-0.0041742
-0.00090947
0.156697
0.263086
0.152759
-0.0656285
-0.00388435
5.98785e-05
-0.0154302
0.00944711
-0.0150726
-0.0118362
-0.0150526
0.0197572
-0.011773
-0.00941896
-0.0529796
-0.00979808
0.0161421
0.0389329
0.042755
-0.0514554
-0.0339242
0.0378149
-0.0113699
-0.0449961
0.0534888
-0.0479563
-0.0660732
-0.0378875
-0.0541736
-0.0511973
-0.0334216
-0.065958
0.154944
0.031522
-0.0549255
0.0711256
-0.00324139
0.0648468
-0.0274874
-0.112769
0.178255
-0.029773
-0.071024
0.0954178
0.229543
-0.0291142
-0.187448
-0.0751715
0.0554665
-0.130224
-0.21431
0.217098
0.129203
0.139028
0.20339
-0.146609
0.118623
0.256589
-0.0992069
0.136017
-0.124389
0.144355
-0.216075
-0.00304588
0.336093
-0.013265
-0.275637
-0.0715487
0.252093
-0.100515
-0.0144228
0.151863
0.106687
-0.029709
-0.00220869
-0.0993395
-0.0423446
-0.046126
-0.0808224
-0.0129898
-0.0874586
-0.0340939
-0.0974982
0.00733732
0.0194382
0.0374655
0.0088424
-0.00488584
0.0199648
0.000372816
0.0907101
-0.00884723
-0.0263371
-0.00489174
0.00845479
0.0143133
-0.0146369
0.0142875
-0.0441139
0.106918
0.0460507
-0.0176416
-0.0638359
0.00575434
-0.035286
0.0217035
0.0377086
-0.00870821
0.0552573
0.33081
0.293365
0.0555957
0.0571489
-0.765799
-0.0601024
0.052961
0.112343
0.0896408
-0.0867199
-0.0421371
0.0128058
-0.0399786
0.0155458
-0.0625551
0.0857243
-0.070462
0.00800672
-0.0158349
-0.0569849
0.0336756
-0.0354916
0.0149083
0.130105
-0.0501415
0.0362041
-0.01199
-0.041713
0.0201852
0.0754725
-0.0172055
0.017822
0.125963
-0.00278249
-0.0937824
-0.0228766
0.095933
-0.000845872
0.0251164
0.0324524
-0.041979
0.081361
-0.0497416
-0.0137361
-0.0460504
0.0686093
-0.096214
-0.00725182
0.0609467
0.0568529
0.00965264
-0.02257
-0.00254224
-0.0123145
0.0114011
0.0119285
0.0305181
0.00868755
0.0342285
-0.041802
-0.0872466
0.0338815
0.00744071
0.00202382
-0.0100066
0.0034185
0.00468808
-0.0078314
0.000139122
-0.00939177
0.0217847
0.00918722
-0.00274085
0.00288628
0.00577595
-0.000122958
-0.00863628
-0.00450134
-0.00292355
-0.00633196
-0.0484233
-0.0187564
0.00586047
-0.0242327
0.0301207
0.0160222
-0.0292264
0.0475681
-0.00706585
-0.0396931
0.0681886
-0.00315566
0.0990239
-0.0130641
0.0332918
-0.147135
-0.0835929
0.0148336
-0.227696
-0.0320451
0.175595
-0.148969
0.0612714
0.123916
0.01012
0.228552
0.0949259
0.00593137
0.203388
-0.0519768
-0.260647
-0.0665113
-0.06096
0.0676449
0.123109
-0.0374651
0.00766564
0.0504165
-0.063771
-0.0204213
-0.00554105
0.0689991
0.10098
0.137129
0.0267808
0.165965
-0.0531291
0.0686233
0.0828978
0.0250415
0.0366377
-0.024786
-0.173541
0.229768
-0.00428394
-0.00289907
-0.0156738
0.011851
0.0179256
0.0483814
-0.0334565
-0.00905372
0.0230739
0.0121099
-0.0138993
-0.0448631
-0.032405
0.0198317
0.0338711
-0.0282928
0.00136824
-0.0291331
0.00671866
-0.00521522
0.0320609
-0.00219588
-0.0412472
-0.0525903
-0.0291132
-0.132497
0.0542244
-0.0108236
0.0580087
-0.0774843
-0.0458202
-0.013313
-0.158517
-0.0318197
-0.168648
0.180725
0.159328
0.250362
0.0722544
-0.0166172
-0.0637955
0.0312491
-0.313257
0.139662
0.0741262
-0.0491867
-0.26901
0.187627
-0.31172
-0.201033
0.0615856
-0.0323574
0.15981
0.0150476
0.389043
0.109703
-0.227044
0.213004
0.145584
-0.0554853
0.0660848
0.108399
-0.0888208
-0.100615
-0.0119477
0.0444252
0.0184051
0.00396871
-0.0294855
0.054515
-0.0363353
-0.0533971
-0.0826571
-0.0162843
0.0145503
0.00828576
-0.0625919
-0.0144339
0.0289462
0.0388401
0.033601
-0.0114502
0.0455096
0.0454035
-0.0014553
0.0669848
0.117665
-0.000627153
-0.0316709
0.0686197
0.0605719
-0.0205347
0.000354885
0.110482
-0.083103
-0.0519721
0.801599
0.35439
0.119342
0.137123
0.0537849
-0.00682554
0.0163885
-0.0326354
-0.041002
-0.00371644
-0.285701
-0.0809809
-0.0195518
-0.0164894
-0.0459771
-0.0668865
0.0304945
-0.0551571
-0.0287078
0.00775699
-0.0220896
-0.00499138
-0.0469763
0.105634
-0.0245959
0.0422356
-0.0149381
0.0265971
-0.0176756
0.0461043
-0.0459485
0.0161097
0.00845613
-0.0174501
0.00860423
-0.0198232
-0.0233175
0.0278106
0.0101106
-0.0439708
-0.000693035
-0.0444785
0.00445356
-0.0267145
-0.00279689
0.055894
-0.0127064
-0.0229054
-0.0135194
-0.0136713
-0.00713948
0.00195846
-0.0227624
-0.015678
-0.00211224
-0.0140995
0.00972959
-0.0106767
0.0273446
-0.0118144
-0.0133806
0.00138142
-0.00552757
0.0070943
-0.00851156
0.0362069
0.0039068
0.0110257
0.0281759
-0.0157871
-0.0174193
-0.00962577
-0.0079611
-0.00830338
0.00266922
0.016855
0.0246935
-0.0153205
0.00540319
-0.0259113
0.0264711
0.00394915
-0.0700199
0.0899713
-0.0574037
-0.0565991
0.0556143
0.0019535
-0.0242987
0.0331581
0.193071
0.0775487
0.0435378
-0.0323604
-0.0463573
0.0158191
0.0718441
-0.0835294
0.0469969
0.0881567
-0.00564917
0.0298016
0.00983563
0.193402
-0.0148298
-0.0750852
-0.119111
-0.122782
0.109067
0.0125095
0.0519155
-0.0838197
0.13438
-0.104174
0.214298
-0.186835
-0.0559114
0.0458276
-0.0176693
0.0714442
0.0141573
-0.104442
-0.0814452
0.248398
0.184286
0.126891
-0.222443
-0.239219
-0.13142
-0.214179
0.166694
0.14431
0.00148305
0.127178
-0.0102961
-0.0658004
-0.0404354
-0.0545706
0.0232024
-0.129511
0.167175
0.186441
-0.0945254
-0.151551
-0.02485
0.0421398
0.269118
0.029653
0.00830566
-0.147787
-0.238932
-0.141971
0.097043
-0.0888716
-0.0420114
0.04991
-0.00366208
-0.0295566
0.0200272
0.00589762
0.0280107
0.0163344
0.00658866
0.05584
0.00283348
-0.000845665
-0.00620573
0.00941714
-6.07941e-05
0.015047
-0.0156113
-0.021103
-0.0141062
-0.0150637
0.0477073
-0.00642159
0.0379479
0.0337211
0.0813403
0.13487
-0.0155614
-0.0401761
0.00558253
-0.00909174
0.0170922
-0.0261286
0.0975874
-0.0313037
0.104183
0.0773829
-0.13407
0.024721
-0.00879149
0.0414889
-0.0248762
-0.0317179
0.0524667
0.0370483
-0.0481475
-0.0514481
-0.00454172
0.0921306
-0.0817627
-0.222482
0.145574
-0.0575136
0.207688
-0.0671845
0.069814
-0.0370212
0.0599901
0.363332
-0.243478
0.0904663
0.0353882
0.178571
-0.290767
0.00990337
0.0661491
-0.0924438
0.00126999
-0.0193791
0.0390777
0.153576
-0.0168699
-0.0292871
-0.0091812
0.0305952
-0.0847603
0.175611
0.33018
-0.0171032
-0.00462284
-0.0310129
0.0148968
-0.00752842
0.00972938
-0.00814671
0.0143808
-0.0240749
-0.027324
0.00170851
-0.0353875
-0.148262
0.00601888
0.0312147
0.0119841
-0.0209559
-0.0143423
-0.00212566
-0.0407302
-0.0187856
0.00362328
-0.0149718
0.0511415
-0.00787795
0.0288661
-0.00729203
0.056175
0.102315
-0.0104698
0.023349
0.0245477
0.0141946
-0.0188063
0.0785094
-0.0290721
-0.0987354
0.0973985
-0.102114
0.083714
0.00268412
0.028805
-0.0688741
-0.0258036
-0.0519356
-0.0961233
-0.0840258
-0.0159179
0.0212641
0.0106313
-0.0918781
0.224948
0.110585
0.258844
0.131101
-0.0369951
0.44194
-0.0970456
0.0213246
0.0503811
0.320907
0.0776862
0.178511
-0.0207585
0.0608435
-0.114568
-0.0772958
0.0504158
0.190967
-0.0118976
-0.0794133
-0.138925
0.0660653
-0.00487417
-0.00869514
-0.00977145
0.000181272
-0.0112991
0.0332097
0.0551692
-0.00959885
-0.00111078
-0.0448965
-0.0172817
-0.00550885
0.00383575
-0.00187916
0.00425966
0.00538917
-0.0142322
-0.0141129
-0.0166244
0.0400977
-0.0112336
-0.0142733
0.0166404
0.00630405
-0.00643184
-0.0115471
-0.120656
-0.00372786
-0.0229586
-0.0189503
-0.101139
-0.018385
0.0885637
0.108981
0.241087
0.300553
0.0771544
-0.00281909
0.115505
0.0339657
-0.0152057
-0.0851355
-0.129624
-0.0217153
-0.142979
-0.101632
0.213424
-0.0852563
-0.0206922
0.00120402
-0.0735446
0.238925
0.042366
0.0381379
-0.0328787
-0.0886982
-0.104363
-0.0221841
-0.0333186
-0.147324
0.00018107
-0.029956
-0.0911651
-0.0328943
0.0149237
-0.0484104
-0.018839
-0.0295091
-0.0627357
-0.0341047
-0.0602029
-0.116988
0.153714
0.121649
-0.202128
-0.110114
-0.104583
0.15186
0.00805714
0.241889
-0.0172091
0.00525589
0.105406
0.0405708
0.0264665
0.0137164
-0.00987276
0.210928
-0.0718231
0.122686
0.029808
-0.0243814
-0.00283211
0.01308
-0.0166093
-0.01472
0.0252422
0.0223089
-0.0237085
-0.239418
0.0297584
0.0648894
0.0121072
-0.0140621
0.00456254
-0.0105589
0.0540913
0.0316395
0.0479659
0.027305
0.0643332
0.0280873
0.0191021
-0.0158326
0.0144167
0.0709906
0.0370003
-0.0380524
0.00595795
0.0934208
-0.030941
-0.162598
-0.02085
-0.0639344
0.0202968
0.0798028
0.0211974
0.00561214
0.0371025
-0.0684263
0.0471382
-0.0627459
-0.0342905
0.0741572
-0.0222925
-0.0239015
-0.0635595
-0.0158659
-0.023681
-0.206298
-0.108586
0.0181909
-0.0740752
0.0911343
0.24171
0.109403
-0.128736
0.0497866
0.179207
0.0618605
0.121621
0.019438
-0.14394
0.0231922
0.141855
0.12953
0.0384473
-0.0632795
-0.0232317
0.0898871
0.0218417
-0.0180073
-0.223791
-0.0497981
0.0603103
-0.011901
-0.0841403
0.329067
4.4792e-05
-0.200037
-0.0641648
0.0197376
-0.00996815
-0.0383354
0.0328389
-0.0204414
0.0253257
0.00942917
0.026465
0.0815043
-0.00958278
-0.0193736
-0.00890274
0.0102522
0.00748354
0.0120901
0.0539279
0.00846353
-0.0088412
0.0102498
0.0405125
-0.013365
0.0302661
-0.0146754
0.0377579
0.0900457
-0.0257135
-0.00571488
-0.0114518
0.109477
-0.0551033
-0.0207958
-0.0523564
-0.0018688
0.0443884
0.116754
-0.230558
-0.13234
0.0573692
0.213158
0.17068
0.136407
-0.0341912
0.11632
0.0100762
0.0310824
-0.0931361
0.0574552
-0.0805601
-0.225889
0.0157143
-0.109223
-0.00537837
0.276591
0.0252105
-0.000300527
0.216263
0.0862641
-0.136303
0.00411412
0.0148847
-0.21255
0.145032
-0.33781
-0.103862
0.101663
0.093207
-0.0413486
0.11717
0.0205329
0.0223604
-0.0015408
-0.0789142
-0.0170739
-0.0772264
0.0432784
0.110959
-0.356955
-0.000865599
0.225492
0.081892
-0.0312576
0.0173226
0.0184478
-0.0145548
-0.00222444
0.0188415
0.013384
-0.0595026
-0.415786
0.0453418
0.102094
0.00332762
-0.00580895
-8.28537e-05
0.00662065
0.0100818
0.0181379
-0.00774295
-0.017171
-0.0484768
0.0010178
-0.00173966
7.0255e-05
-0.026255
-0.0628214
0.0320329
-0.0124426
-0.00615789
0.0338281
-0.00618995
-0.0605776
0.00221311
0.0151873
-0.0442618
0.0182164
0.00268773
-0.00195223
-0.0117645
-0.0791027
0.220814
0.296955
0.0319093
0.0738117
0.0303523
-0.0592407
-0.106
-0.12522
-0.223119
-0.117406
0.101829
-0.0639453
-0.0790721
-0.0152616
0.181288
-0.188732
0.0746437
0.0312932
-0.185997
0.0577246
-0.067844
-0.0595072
0.00227543
-0.103017
-0.0213104
-0.00326305
0.0600571
-0.122954
0.0217068
-0.162118
-0.0574552
-0.0224535
0.0216956
-0.026076
-0.0470238
-0.038363
0.0657105
0.0170223
-0.0247024
-0.00240427
0.0429013
0.0614616
0.0176018
-0.027908
-0.0400447
-0.012346
0.0585221
0.0425462
0.0323088
0.0242972
0.00693977
0.0372895
0.0784536
0.0670516
0.036832
-0.00338605
0.0133701
0.0301562
0.00411409
-0.0445366
-0.00704356
0.00875867
-0.0454667
0.0282338
-0.0126136
0.0143003
-0.0105142
-0.0291
-0.0258733
-0.0430398
0.0272641
-0.138157
0.060929
0.00707171
0.0797406
0.0378855
0.0717815
0.00362084
0.0227538
0.128737
-0.0984935
0.037801
0.107347
-0.228759
0.186129
-0.146652
0.157685
0.162623
0.0240387
0.0771521
0.296444
-0.389701
-0.181662
-0.233542
0.202867
0.389396
0.215072
0.0845444
0.176036
0.0627225
0.0138091
-0.0405042
-0.0142
-0.00146023
-0.171709
0.0867842
0.0261849
-0.0335722
0.020491
-0.162462
0.0242997
0.0527571
0.0580317
-0.0221626
0.0250452
-0.1397
-0.228614
-0.139663
0.0380979
0.0284176
0.0202066
0.0138507
-0.00244701
0.000110365
-0.00214391
-0.0054847
0.102422
0.0406957
-0.0159542
-0.136546
0.0222719
0.0316454
-0.0245722
0.0247762
0.0149315
0.0917589
0.324375
0.0341495
-0.00293908
0.0168238
0.0972296
0.00137946
0.131887
0.00901841
0.214833
0.292146
-0.0525679
0.0438052
-0.0611637
0.0949419
-0.0291826
0.259197
0.0774127
0.113367
-0.0454845
0.119093
-0.223018
0.0726124
-0.0988335
-0.0594924
-0.0272355
-0.0279324
0.0208246
-0.207258
0.0535734
-0.397286
0.0658407
-0.14695
0.000283054
0.0841583
0.00479317
-0.0526916
-0.0385769
0.177484
-0.100979
-0.0471756
-0.0485383
-0.0938907
0.124444
0.0808679
-0.0232031
-0.101561
0.0834374
0.115421
-0.026005
-0.0290396
-0.0707811
0.0476554
-0.0384425
0.0203646
-0.0114572
-0.0584518
-0.0143751
0.0230331
-0.039847
0.045327
0.0153975
-0.00811787
0.0147693
0.03832
-0.0670021
3.85773e-05
-0.000273992
-0.026594
-5.10187e-06
0.0258059
-0.0277826
-0.0111793
-0.0407191
-0.034249
-0.0166582
0.00722264
0.0304189
0.0248183
-0.0336125
-0.0143961
-0.120303
0.0539474
-0.0200616
0.00567674
-0.167843
0.0446279
-0.0252119
0.0608869
-0.0302246
-0.078965
0.0193273
-0.00979352
-0.00934959
-0.0300464
0.0606366
-0.114436
0.0543509
0.0115518
0.0701175
0.0958892
-0.182565
0.0162395
-0.000970646
-0.0221757
-0.0324835
-0.0650411
-0.0707701
0.00373663
0.0189719
0.0729378
-0.0286017
-0.161849
-0.0761053
0.1235
0.145217
-0.0360321
-0.0291439
0.104898
-0.16206
0.0137812
0.14078
-0.0543983
0.108076
-0.0523871
-0.11579
-0.0612988
0.0142374
0.0992705
-0.205435
-0.254789
-0.28559
-0.399843
0.043973
0.0426517
-0.000775569
-0.0123044
-0.0260411
-0.00145505
0.012158
0.0151572
0.0195329
0.0254979
-0.0371523
-0.00337571
-0.0208899
-0.00252722
0.0023053
-0.00144703
0.003591
-0.0128528
-0.0109908
-0.00240257
0.0119202
0.0394724
0.00233708
-0.027604
-0.00366338
0.0143712
0.00321864
-0.00873924
-0.0101914
0.00517368
-0.025154
0.0185826
0.000681164
-0.00381351
0.00231696
0.0105193
0.0131894
0.0603578
-0.0147766
-0.0221048
0.0340662
-0.0391124
-0.00100885
-0.0256149
-0.01073
0.00447129
0.0797406
0.0320548
0.0123099
-0.00598191
-0.00486334
0.0959339
0.00584009
0.0800823
-0.059286
0.0460846
0.0393214
-0.0541224
0.0637777
0.0917642
-0.0768567
0.0268234
0.000108064
-0.000105186
-0.0505595
0.105785
0.0281306
-0.0908775
-0.0176276
0.0448907
-0.0665295
0.122271
0.202672
0.13989
-0.0866909
0.194991
0.062933
-0.0263406
-0.214876
-0.0801551
0.000376774
-0.0725563
-0.040043
-0.0579127
0.0284287
0.0471606
-0.0744414
0.215594
0.391715
0.0543448
-0.0112619
-0.0736412
0.0233393
0.0065269
0.00251576
0.0123601
4.66903e-05
-0.0343197
0.0758748
0.0380316
0.0188649
0.0596644
-0.00241129
-0.0280037
-0.020208
0.0302477
0.03301
0.093189
0.436966
0.0812335
0.0889436
0.0429387
0.190035
0.094208
-0.00808606
-0.0227596
-0.0235487
-0.0318121
0.013642
-0.0132015
-0.048921
0.0521398
-0.0186555
-0.0232842
0.00992365
-0.0681726
0.0824411
0.0628273
0.0132041
0.117065
-0.0443578
0.183451
-0.0935707
0.0837625
0.0611534
0.0729037
0.0324488
-0.0366039
-0.0694757
0.0867405
-0.180613
-0.158108
0.0602141
0.0601339
0.069879
-0.105937
-0.00926934
-0.0653782
-0.135476
-0.0535852
0.118586
0.0996034
0.0658901
0.058032
0.075679
0.0804605
-0.0622974
-0.150265
-0.048151
0.0177297
0.12583
0.096562
0.000595069
0.0148349
-0.025156
-0.0053711
-0.0453561
-0.00404932
-0.110989
0.290539
0.109175
-0.146376
-0.00936508
0.0450462
0.00165801
-0.0886851
0.0847983
-0.0522511
0.0547526
0.0460198
-0.0104635
-0.336412
0.0458023
0.0858676
0.0088978
-0.0218613
-0.009013
-0.00470786
-0.145752
-0.00839364
-0.0283063
0.00775371
-0.0295971
-0.0143837
-0.0187198
0.0218714
-0.016383
-0.0226352
0.00659129
-0.00363851
0.0104788
-0.106203
0.0284675
0.110707
0.0821634
0.0197377
0.00435425
-0.110802
0.017505
0.104391
-0.12216
0.0288371
-0.0746822
0.0370906
0.0128914
0.036869
-0.0438761
0.00317514
0.106866
0.0432406
-0.0811753
-0.138792
0.224424
0.122301
0.083236
0.0911985
-0.102874
-0.069379
0.0509391
-0.0869264
0.0651653
0.0853886
-0.261001
0.0360424
0.00640322
0.075198
-0.0389535
0.0152194
0.0837279
0.184684
0.0929937
-0.273389
0.0235896
-0.00923007
-0.193819
-0.025945
0.0241799
0.0366315
-0.029758
0.0285104
-0.0515936
0.0835066
0.0220303
0.00407207
0.0185807
0.00658426
-0.0109032
0.0212219
-0.0309793
0.00823175
-0.010211
-0.0514166
0.0440492
0.0101041
-0.0366966
-0.0107193
-0.0014048
0.0719727
0.00400143
-0.0701294
0.0942869
0.0385799
-0.0083491
-0.0346541
0.204626
-0.0714704
0.0954611
0.101024
-0.167191
-0.24162
-0.342848
0.0852833
0.0336076
-0.0244918
0.468098
-0.0551361
-0.170849
0.0594555
0.0889226
-0.0234006
0.0764069
-0.131554
-0.0351563
-0.0960282
0.112108
0.00888856
0.329921
0.214374
-0.234663
0.23398
0.0830593
-0.0032608
0.0483791
0.0746759
-0.0253388
-0.0383931
-0.0771492
-0.020641
0.0166513
0.0225267
-0.0594462
0.00131363
-0.0571987
-0.0414909
-0.0431676
0.0187294
0.0225237
-0.0220496
-0.0856197
0.0151004
0.0547741
0.0375965
0.00903886
0.0046475
0.0339347
0.00822545
-0.0520547
0.0203673
0.0758625
-0.261804
-0.00841589
0.190554
0.0765274
-0.0312545
-0.00150799
0.0611732
-0.0487719
0.0656716
-0.0719113
-0.057989
0.0369913
0.326723
-0.0327612
-0.0754616
-0.01268
0.0106304
-0.000187414
0.0150024
0.0668849
0.0128535
0.0103916
-0.00873066
-0.0517287
0.00189271
0.0208643
-0.00777934
0.0188
-0.00458765
0.00227016
0.00305745
-0.0122637
0.0706118
-0.0314688
-0.00801475
-0.047405
0.00216679
0.02397
0.0256101
-0.0620167
-0.0722532
0.0907408
0.120881
0.111695
-0.0436703
0.0178912
0.0738673
0.0516547
-0.00763224
-0.0435714
-0.0118484
-0.0970039
-0.106601
0.033772
-0.0356217
-0.0399654
0.2002
-0.0548041
0.020163
0.057579
-0.0324232
0.0641553
0.0217711
-0.00349043
0.0679805
-0.0164599
-0.0507782
-0.0179058
0.0223015
0.0373391
0.0700518
0.119797
-0.0175878
-0.0103107
0.0115023
-0.0463745
-0.0473498
-0.0752867
-0.0324274
-0.0421923
-0.234528
0.21099
-0.421246
-0.0680431
0.074266
0.00227386
-0.0335405
0.0280279
-0.00222457
0.0552311
0.0217101
-0.0385602
0.0808442
-0.0105084
-0.0309569
-0.0123669
0.016194
-0.00520131
0.0250993
0.018807
-0.0171254
-0.0280303
-0.0165076
-0.00918484
-5.39411e-05
-0.000322817
-0.00740127
-0.00735538
-0.0215182
0.00406288
0.00905145
-0.0382312
0.041913
0.0120857
-0.0118483
-0.0860767
-0.0198502
0.00981919
-0.0540003
0.0581005
-0.107609
0.139212
-0.0675712
0.0523702
-0.324361
-0.0352095
0.13215
0.00516825
0.0470757
-0.0523303
-0.0193211
-0.127516
-0.135138
0.167029
0.056921
-0.119117
0.0713996
0.151436
0.0923159
0.00763972
-0.173095
0.0270122
0.0178233
-0.174533
0.174589
-0.0954761
0.148692
-0.045463
0.153561
-0.0864146
0.0555314
0.156433
0.0203059
-0.0647896
0.0295512
0.458737
0.12718
0.0457977
-0.0290009
-0.034649
0.157577
-0.113319
0.269511
0.0245829
-0.0288173
-0.00126896
0.00578687
-0.00788131
0.0160222
-0.16044
-0.057826
0.0169203
-0.00380063
-0.0083509
0.0172476
0.0244063
-0.0425637
-0.0214901
-0.0536952
-0.17052
-0.0215121
0.0218942
-0.00175213
-0.070348
-0.061068
0.0423043
-0.0780903
-0.00785254
0.0168545
-0.094819
-0.0156836
-0.126734
0.177793
-0.0690033
0.125602
-0.1138
-0.00857867
0.0487538
-0.0554323
-0.0692914
-0.116753
0.0363824
0.102665
0.103732
-0.0528013
-0.104351
0.02182
-0.0469822
0.0880512
0.0183843
0.106352
-0.0391638
-0.0355788
0.176905
-0.0407304
-0.17546
-0.00981073
0.0744523
-0.0442877
-0.0210807
-0.00691904
-0.0596425
-0.048267
-0.093714
-0.133793
0.116135
0.159293
0.049343
0.0164197
-0.23672
0.0469086
-0.000581637
0.0711566
0.0252102
-0.0154502
-0.28966
-0.060941
0.0357553
-0.00954636
-0.0828845
0.240317
0.061201
-0.0718331
0.0472464
-0.000640101
-0.0153617
0.0333525
-0.0378895
0.0416604
0.0286255
-0.00174891
-0.0193871
0.0897926
-0.0219675
0.00259775
0.00497627
-0.0117198
-0.0164618
0.011094
-0.0161005
-0.0277148
-0.0101426
-0.0693041
0.0577592
0.0370929
0.00961187
0.0513528
0.0681801
0.0740077
0.019785
0.00181639
0.0516207
0.0446661
0.00606648
-0.139115
0.00733481
-0.0594027
0.116308
0.206889
-0.220779
0.0116304
-0.0165917
0.2208
0.0717091
0.157105
-0.0753561
-0.0360463
0.00311394
0.0556401
-0.0610807
-0.0898366
-0.00930037
0.278624
-0.00857477
-0.03576
-0.0765732
-0.0700598
0.0637534
-0.0522363
-0.104726
0.0011924
-0.0803823
-0.0545394
-0.19678
0.0787494
-0.136046
0.22471
0.14899
0.0870908
-0.153987
0.016227
-0.228077
-0.000966516
0.00946396
0.00446204
-0.0585824
-0.00561633
-0.0211671
-0.00130934
0.0201764
-0.0522215
0.0501536
0.0108291
-0.00518911
0.0228239
0.00654628
-0.0291552
0.0487953
-0.0170928
-0.0125484
0.0213995
0.0767675
0.0757852
-0.0122142
0.0215563
-0.0043355
-0.0299816
-0.0274213
0.052984
0.0679843
-0.0138026
-0.0786649
0.0429289
-0.0698843
-0.0184298
-0.0355906
-0.0373996
-0.0504833
-0.0226817
0.0902122
-0.0702827
-0.0243462
0.00394325
-0.000463814
-0.105717
0.0265629
-0.0194509
-0.0239272
0.00438527
-0.0412247
-0.0455011
-0.0727519
-0.0791078
-0.0962558
0.0844187
-0.308346
-0.0743728
0.157417
-0.0175313
0.389296
0.274477
-0.141273
0.0719362
-0.0428767
0.240507
-0.2161
0.110051
0.23253
-0.12959
-0.118711
-0.0233561
-0.0547766
-0.0252483
-0.0758061
-0.127739
0.0173569
0.0316524
-0.175302
0.0342196
0.160747
0.0175531
-0.0869692
0.231806
-0.048217
-0.0491895
-0.0164826
-0.00652892
0.0820165
-0.00136994
-0.0154272
-0.0624704
-0.139051
-0.0835166
-0.191566
-0.0256659
0.0309603
0.0233236
-0.0635168
0.0196063
-0.017849
0.000717924
-0.027882
0.0407489
0.016638
-0.0285918
0.0706204
-0.0242097
-0.0384741
-0.0471088
-0.240094
0.0958341
0.105633
-0.0101466
-0.0658568
0.15566
0.057179
0.170814
0.22947
0.117895
0.243651
0.00626266
0.0995909
-0.0559628
0.011553
-0.0799396
-0.0385791
0.0131054
-0.141788
-0.0354743
0.132996
-0.0118415
0.0551733
0.0405329
0.066266
-0.0459803
-0.00573016
-0.0994833
0.193741
-0.104179
0.0496847
0.0161108
-0.0265547
0.0842415
-0.0669484
0.0383958
0.0594285
0.0135819
-0.0501575
-0.115917
-0.0062521
-0.0330949
-0.00177228
0.0362867
0.073435
-0.170311
-0.199337
0.042257
0.0436397
-0.0126004
0.0999421
0.0507705
0.256653
-0.16443
0.386008
-0.153186
0.043712
0.00806502
-0.199757
-0.086948
0.0297552
0.0064258
-0.038036
0.0215132
-0.116506
-0.0168092
-0.068873
0.0279352
-0.0323745
-0.00248835
-0.0347862
0.0188389
0.104795
0.000426479
0.0381254
0.0419501
0.0512438
-0.0449756
0.00616638
-0.136572
0.0124025
0.15479
0.269708
-0.0397976
0.0633222
-0.102813
0.0527935
-0.0551572
0.025196
0.065947
-0.104359
-0.0347268
0.023892
-0.12712
-0.0275078
-0.0557992
-0.0159139
0.0256087
0.059032
-0.0048222
-0.0520346
-0.100162
-0.00316374
-0.103057
-0.12037
0.0432181
0.00228075
-0.00920256
0.1454
0.0266721
0.00656257
-0.072359
-0.138791
-0.0249105
-0.128478
0.0533369
0.0134996
-0.0599024
0.0739757
-0.0311449
0.023841
0.0238707
0.101449
-0.161151
-0.071242
0.16798
0.0665112
-0.18708
0.028912
0.0687077
-0.1353
0.0492028
-0.0603359
-0.130815
-0.122888
0.0182751
0.0469945
0.0346024
0.035167
0.0782227
-0.0155918
0.0630733
-0.0178445
0.0720118
0.111692
-0.018779
-0.0296006
0.10645
-0.137286
0.0652879
-0.000267184
-0.0161776
-0.209548
-0.0412969
0.0316042
-0.152868
-0.0995967
0.126527
0.0632837
0.151037
0.0314107
-0.0505479
-0.236564
-0.0108203
0.0257956
0.110478
-0.0572346
0.240609
0.0953469
-0.0686681
0.170904
0.0758619
-0.0679763
-0.0232625
0.067847
0.217544
0.0218362
0.0108681
0.0108144
0.182847
0.131876
0.132036
0.00866806
3.19901e-05
-0.110476
0.00909407
0.0964951
0.210181
0.0796683
-0.0346312
-0.044216
-0.0711944
-0.0474517
0.0975331
-0.0748793
0.159937
-0.192541
-0.00162695
0.191658
0.117071
0.220294
0.0136888
-0.113538
-0.139258
-0.113597
0.135529
0.0518013
-0.162938
0.0568144
0.0329409
-0.118251
0.155162
-0.0513255
-0.0387912
-0.0272183
0.00900057
0.0885493
0.0302672
0.0356608
0.0424327
0.0695099
0.150587
0.0178481
0.0122567
0.0379221
-0.00899876
0.0274249
-0.00437543
0.0391018
0.0524272
-0.00416024
-0.0545556
0.00881907
0.0532918
-0.0361052
0.103652
-0.0220043
-0.0235181
-0.0312266
0.0810156
0.118003
-0.245767
-0.20411
-0.164803
-0.00612903
-0.155991
0.0828144
-0.0642235
0.103599
0.183936
-0.0499601
0.00654026
0.0202986
-0.00750495
0.0833804
0.00792501
-0.0531801
0.119076
0.121454
-0.167767
0.0202541
0.00894165
0.128503
-0.0765264
-0.20181
-0.0398403
-0.0912272
-0.0495203
0.127594
0.133268
-0.155895
-0.376196
-0.110699
-0.0244758
-0.119652
-0.0828568
0.0608975
-0.0806319
0.19551
-0.092898
-0.00717187
0.0238251
0.137225
-0.152144
-0.0425914
-0.15763
-0.177535
0.0411983
-0.0971553
0.134169
0.0882953
-0.132918
0.174261
-0.0711164
0.0522981
-0.0199291
-0.334948
-0.0929799
-0.0353645
0.00131584
0.0269787
-0.30295
0.0451145
-0.0222197
-0.001911
-0.00544048
0.00845036
0.00133492
0.00499987
0.0249519
-0.0382665
-0.0330565
-0.00190851
0.0580509
-0.0115772
-0.0153015
-0.00899518
0.00127568
-0.00800388
-0.00811832
-0.0720281
-0.0249172
-0.0686718
-0.0281817
-0.130203
-0.065562
0.0352258
-0.0274523
0.0144433
0.0229985
-0.0712877
-0.00364228
-0.0925813
0.0933513
-0.0229621
0.118361
-0.00829866
0.0924608
-0.00567851
-0.0120731
-0.057173
0.0691339
-0.106503
-0.0623252
0.120379
0.209612
-0.0413007
0.0305947
-0.176839
0.211061
0.0819325
-0.0318175
0.0230115
-0.0812426
0.10508
-0.0981643
0.0532539
0.00199514
0.174587
0.0937477
-0.00807484
0.0741063
0.223796
-0.0662669
0.0294526
-0.101879
-0.0498892
0.12434
0.119519
0.0163027
-0.178187
0.17023
-0.0309901
0.0200557
0.00898343
-0.0200448
-0.0881068
-0.0211972
0.0222685
-0.0068719
-0.0359623
0.0809875
0.023564
-0.19487
-0.104815
0.0351277
0.00659379
-0.0631974
0.0584805
-0.0514663
0.0625261
0.0425423
-3.14471e-05
-0.156766
0.0268966
0.032269
-0.00377632
0.005018
0.0155594
0.0134729
0.0386971
0.0190676
0.0218189
0.0315537
0.0941792
0.0372088
0.00901346
0.00785111
0.0245677
0.0351496
0.00215964
0.00568828
-0.0566132
0.0334732
-0.0224305
0.124766
-0.0611859
-0.00845662
0.0254442
-0.0630759
0.0964849
0.00277163
-0.0480699
-0.0152288
0.0566751
0.0186221
-0.0547267
0.024541
-0.0347618
0.186208
0.0385075
-0.0855512
0.0359029
0.0981155
0.0153534
-0.00432365
-0.220763
-0.195407
0.0704716
-0.159704
-0.0826053
0.145152
-0.0722412
-0.0117522
0.455994
0.0508687
0.059892
0.00578919
-0.128769
-0.167601
-0.163256
-0.0784255
0.0879442
-0.102812
-0.00290613
0.000556719
0.0121651
0.00915268
0.000899139
0.0161245
0.00483475
-0.00312404
0.0227441
-0.00936835
-0.0186206
-0.0599576
-0.0296555
0.0165371
0.0469522
-0.0117302
0.00189374
-0.0128471
-0.0121128
-0.0029076
-0.0191647
-0.048807
-0.0662597
-0.0760536
-0.0586453
-0.0514442
0.0242899
0.0470313
-0.0660724
-0.0218234
0.0585489
0.00106887
0.686263
0.2903
-0.415451
-0.0595898
0.0632275
-0.330646
0.248398
0.0527829
0.0721232
0.125801
-0.120887
-0.0241998
-0.0149838
0.000941235
-0.0575706
0.0244129
-0.0498374
-0.0114232
-0.0091116
-0.0109404
0.0112738
-0.00273607
0.0295012
-0.0120658
-0.00782755
0.0293241
0.0138563
0.0223476
0.0102219
-0.0295847
-0.00955261
-0.0230313
0.0280953
0.0335549
0.0098926
0.009863
0.0108898
0.00660294
-0.00201968
-0.0147233
-0.00722751
0.00174585
-0.0197243
0.0189441
-0.00342088
-0.00414665
0.0015116
-0.0192417
0.00650382
-0.0277678
0.0402179
-0.00644721
-0.00539379
-0.0080814
-0.0100121
0.0198935
-0.0132
-0.089198
-0.0359307
-0.0256617
-0.00670611
0.0771532
-0.0315346
0.0229853
-0.0151845
0.00545501
0.071276
0.0776762
-5.18579e-05
0.0545566
-0.0721214
-0.00991606
0.0487361
-0.0132048
-0.0282825
-0.106936
-0.0124482
0.0287759
-0.0322145
0.0378382
-0.00877673
0.030232
0.00925269
-0.0499546
0.0515827
-0.0352534
-0.0334728
-0.11526
-0.0471572
0.0774351
0.0772259
0.116681
-0.0472318
-0.0315279
-0.0299327
0.053918
0.0172767
0.000834098
-0.0299015
0.0562878
0.11785
0.0529687
-0.130466
0.076026
-0.00947113
0.126539
0.0789967
-0.124549
-0.330849
0.0234674
-0.247815
0.033665
0.126846
-0.158193
0.142251
0.223212
0.327043
0.295624
-0.0263997
-0.0511076
-0.0953673
0.208337
0.00604594
-0.0229124
-0.0165925
0.0503721
-0.0707363
-0.0500694
0.0268921
0.0138221
0.0566344
0.0477945
0.0155151
-0.012287
0.0324687
0.0970204
-0.0508448
0.131876
0.0188569
-0.00183531
-0.00346669
-0.00542486
0.00672967
-0.0396268
0.0429977
0.0645889
0.0302877
-0.0869508
-0.00519925
0.0577147
0.0239699
-0.023889
-0.0223724
0.0500262
0.109431
0.0459748
0.0422234
-0.00674863
0.0390987
0.0943151
0.00425995
0.0459369
0.0423914
-0.0445895
0.132357
0.0155871
0.077334
-0.015547
0.0179681
-0.237167
-0.000343471
-0.0241016
-0.0851854
0.140672
-0.126926
-0.110002
0.0991516
-0.201185
0.251607
-0.140353
-0.0205518
0.0900021
0.00148063
0.0997448
0.0611956
0.00760529
0.0596924
-0.0278567
-0.211793
-0.125036
0.0116541
0.226959
0.0203324
0.118129
0.0796062
-0.142153
0.0863094
0.0557942
0.0303518
0.0396687
-0.167608
0.0412872
-0.196595
-0.114682
-0.160191
0.24543
-0.0134937
-0.165787
0.0435986
-0.0555177
-0.347312
-0.050034
0.0512553
0.0915812
0.120373
0.226486
-0.132387
0.145188
0.0272631
-0.0550481
-0.00389428
0.0180807
-0.0156897
0.014093
-0.0876366
-0.0520031
0.0117771
0.0457517
-0.0198855
-0.018104
-0.000638567
0.00217773
0.00942845
-0.0169876
-0.00844267
0.0173451
-0.00869089
0.0311813
-0.00442339
-0.0181776
-0.0249424
-0.0350441
-0.0379108
-0.0775656
0.00581587
0.0385853
-0.0480874
0.0740439
-0.0370578
0.105061
-0.181099
0.276365
-0.343127
-0.0170863
-0.0242679
-0.158966
0.01963
-0.0571021
-0.150473
-0.359158
0.0408725
-0.0275168
-0.0755765
-0.285984
0.0654467
-0.032506
-0.130528
-0.178408
0.166999
-0.0101476
0.048577
-0.100263
0.0760514
-0.0580783
-0.00446483
0.114466
-0.108123
0.0630046
-0.0173019
0.0214465
-0.0890724
0.064143
0.0464393
-0.075612
-0.105351
-0.0258789
-0.0679587
-0.0276715
0.0506725
0.0243129
-0.129402
-0.0653597
0.129454
-0.251116
-0.478602
-0.0339725
-0.0524354
0.254491
0.0244332
-0.0198127
-0.00474109
0.0379818
-0.043018
0.0383015
0.140325
0.0390885
0.0288417
0.021167
0.00873823
0.0129306
-0.0191588
0.0316448
0.0336684
0.0223742
0.168819
0.0236782
0.0172127
0.00561552
0.0631489
0.0453331
-0.0314602
-0.00445081
-0.0549706
-0.0544612
0.0595527
-0.0254293
-0.00351864
0.0659259
-0.00890868
-0.103649
-0.151943
0.0336603
-0.0898661
-0.0657178
0.186096
0.0307695
0.000414598
0.0171406
-0.143042
-0.0044904
-0.0638006
0.0633764
-0.0656763
0.194646
0.0440554
-0.0311466
-0.0159284
-0.0506145
0.143916
0.153376
-0.0334423
0.0702669
0.0353092
0.0544954
-0.0420998
0.0778449
0.183674
0.039439
0.0361751
0.09414
0.0838596
-0.0961559
-0.0675168
0.0382387
0.00220312
-0.166966
0.0715709
-0.019394
-0.0210482
-0.00560639
0.0141267
0.0140798
0.0382051
-0.0245853
-0.0288294
-0.000897359
-0.00610263
0.0188857
0.0021282
0.0013357
-0.000710238
0.0149498
-0.0183779
0.0123756
0.00752051
0.00275958
-0.0168297
0.0033557
-0.00723776
0.012665
0.00298887
-0.00733645
-0.0124144
0.0175979
0.00977549
0.0404853
0.0315156
0.019198
0.0422505
0.00485658
-0.0620475
-0.0985037
-0.157915
-0.254522
0.028982
0.0295891
-0.0343516
-0.000229676
-0.0405265
0.0907597
0.063014
0.0219619
0.00742881
-0.0475212
-0.0633619
-0.0875314
0.0539041
-0.00182524
-0.0112364
0.0957789
0.0378703
-0.11965
0.195378
-0.11301
0.0508215
-0.0663998
-0.0690443
0.133458
-0.0862351
0.0415419
-0.0223937
0.0600555
-0.0431355
-0.177689
-0.0721612
0.228634
-0.136098
-0.0709695
-0.0673852
0.153185
-0.126544
0.0307201
-0.323391
0.292158
-0.209714
0.136712
0.266284
0.0699014
0.0197091
0.0144401
0.009387
-0.010023
-0.0113113
-0.0380629
-0.0520506
0.00786377
0.0234511
-0.00186113
0.0168425
0.0049996
-0.00140675
-0.0021535
0.0112802
-0.0167938
0.020429
0.026945
0.0242834
-0.0292909
0.00558484
0.0188616
-0.0113909
-0.0112589
0.00932996
0.00888354
0.10289
-0.0314841
0.00600156
0.0177794
0.0657332
-0.00368389
-0.098136
-0.115463
-0.238372
-0.32174
-0.0583906
-0.00427028
-0.112107
-0.0180103
0.0296668
0.0653572
-0.00585128
0.048519
-0.0338405
-0.0165645
-0.0376132
-0.0904925
0.0156638
0.0749857
-0.0032102
0.112874
-0.0717029
-0.0315191
0.0348591
-0.0541566
-0.152741
-0.171657
0.137124
0.0404845
0.0184917
-0.120488
0.0420831
0.0173433
0.0143685
-0.0593922
0.183174
-0.106364
-0.0332239
0.0297758
0.0715788
-0.200466
-0.237436
0.174342
0.109352
-0.167813
0.142465
0.204674
0.0729271
0.096057
0.0744566
0.00101046
-0.0665063
-0.0437037
-0.0104037
-0.0913574
-0.0351323
-0.0128746
-0.0378835
-0.0594037
-0.0209371
0.00935435
-0.0115072
-0.0199979
0.00736235
-0.0367929
-0.159074
-0.0209689
0.023133
-0.0167586
-0.0470397
0.0514414
0.0580495
-0.0742097
-0.0652864
-0.0679058
-0.206406
-0.0469141
-0.0971439
0.0276642
-0.160053
-0.109029
0.058959
-0.180807
-0.0668044
-0.0625214
-0.00974683
-0.0304661
-0.179345
0.419305
-0.0999745
-0.0747291
-0.133407
-0.100232
0.205538
0.176737
0.154255
0.34124
0.0135169
0.0504571
-0.186254
0.00787086
0.114555
0.104859
0.0842078
-0.204919
-0.00913858
-0.0783827
0.0107327
-0.0104681
-0.170783
0.0286235
-0.00128587
0.0570111
-0.0414729
0.0330011
0.00733916
-0.118425
-0.0437259
0.201133
0.104695
0.0257785
-0.111415
-0.0440121
-0.180941
-0.0364066
0.0118299
0.0184937
-0.0320582
-0.0358756
-0.00550688
-0.0202358
-0.101799
-0.0465391
-0.00419393
0.00122461
0.0249477
-0.190599
-0.00058214
-0.0688807
-0.00364918
-0.0162317
-0.00928201
0.0534525
-0.0611172
0.0526073
-0.0138992
-0.0332815
-0.033773
0.1213
-0.00987777
-0.0371007
-0.0140192
0.0313256
0.0187621
-0.0212176
-0.0192494
-0.00476913
0.00157428
0.019763
0.0392565
-0.0106085
-0.0087582
0.0146943
0.00183911
0.0173262
-0.0379012
0.0296176
-0.00251307
-0.0263519
0.0163658
0.0891338
-0.0285612
0.0286339
-0.0403222
-0.0040383
-0.0488117
-0.059977
0.0670968
-0.0161829
-0.0283961
-0.103906
-0.0238557
-0.0687587
0.0844824
-0.0673172
-0.0221122
-0.023847
0.159862
-0.0147069
-0.197449
-0.101819
-0.0246637
0.078605
-0.000641379
0.0141973
-0.028246
0.0925224
-0.114897
-0.0130361
0.100101
-0.0220784
0.0606809
-0.102363
-0.0123979
0.0871444
0.0169749
-0.140548
-0.171478
-0.102828
0.00841014
0.0433972
-0.00812928
-0.0103806
0.0726056
-0.0329991
0.00624307
-0.024718
0.00946316
-0.0159955
0.0513773
0.0049242
0.00343856
0.0118
0.0157672
-0.0365116
-0.0573827
-0.0104194
0.00905877
-0.0320616
0.0138304
-0.0260942
-0.0171698
-0.0132444
-0.0142957
-0.00664177
-0.129863
0.00393973
-0.0880542
-0.0766305
-0.276874
-0.128043
-0.0471595
0.106469
-0.03594
-0.0787483
-0.0192399
-0.0256161
0.123748
-0.285762
0.00946105
-0.134642
0.265911
-0.0830838
0.00841266
0.202712
-0.243458
-0.0304531
-0.125133
-0.000475663
-0.0670181
-0.225781
0.0273454
0.0680167
0.044147
-0.0861632
-0.0915938
-0.222655
-0.126183
-0.10481
0.123609
0.095693
-0.153687
-0.072319
0.0239525
-0.11371
-0.0309727
-0.0155822
0.115807
0.100157
0.327844
-0.0300097
0.162769
-0.0386351
-0.011137
0.0896021
0.0442064
0.105976
-0.021802
0.152362
-0.0366228
0.0178266
0.216142
0.0446388
-0.100702
0.040645
0.112424
-0.166393
0.0945632
-0.11424
-0.00274567
0.0262859
0.00957356
-0.0232695
0.021226
-0.0139486
-0.0461557
-0.00352651
-0.049402
-0.164171
0.0121259
0.0456712
0.0008748
-0.0189482
-0.0162422
0.0111405
-0.0519241
-0.0251017
-0.0273759
0.00972171
0.0503716
-0.00688006
0.0317
-0.0481683
0.0459582
0.0741577
0.0168061
-0.0364835
-0.0895469
0.185717
-0.0560933
-0.153906
-0.108368
0.303445
-0.410964
0.261494
-0.237998
-0.0971814
-0.0780366
0.306818
-0.233078
-0.0061746
-0.0210778
0.0510213
-0.0774149
0.231163
0.0449917
0.017401
0.0634822
0.156005
-0.0364679
0.0928624
0.0201647
-0.070686
-0.0311553
-0.0075753
0.0355084
0.0274912
0.0234738
-0.0274357
0.0352344
0.0619327
-0.0155802
-0.0696576
-0.0455599
0.0890035
0.0974287
0.0178855
0.0242035
-0.130738
0.0222875
-0.000661482
0.0217521
0.011416
0.00783857
-0.0197139
-0.0240226
0.0335778
-0.0105322
-0.002359
-0.0207877
0.00275673
-0.0138704
0.00412399
-0.0165981
-0.0147603
0.00892546
0.0125246
-0.0356974
-0.0232776
0.00857349
-0.036257
0.0170996
-0.00412883
0.00352105
-0.0559707
-0.12135
-0.0406166
0.0275265
-0.151277
-0.0246164
-0.0466156
0.0277299
0.0599975
0.059774
-0.021229
-0.233358
0.120962
-0.088417
-0.0689779
0.0418971
0.387308
-0.0825442
0.0232397
0.0377732
-0.0535489
-0.0129645
-0.192649
0.00137138
0.0774067
0.044716
-0.040994
0.179523
0.0413424
0.0525736
0.0972329
-0.0881504
0.203606
-0.206922
0.212319
-0.019518
-0.175031
-0.0314015
0.168518
0.160506
-0.10807
-0.0981909
-0.142338
0.110226
0.120728
0.100258
0.153438
0.00797878
-0.0849983
-0.185833
-0.122611
0.20603
0.00214364
-0.126068
-0.00781378
0.00759429
-0.0282033
0.00295
0.0114898
0.0659537
0.00199342
0.0302263
-0.00476815
-0.145746
0.208755
0.0138955
-0.0477564
-0.010882
0.0617204
-0.0582166
0.0360947
-0.0521106
-0.039476
0.0580541
0.334305
-0.040276
-0.0869112
-0.00527526
0.0196758
0.0132246
-0.0189908
0.0205117
-0.00680379
0.00182257
0.0120914
-0.00171942
0.00328539
0.00880366
0.0289249
0.0282619
0.0693007
-0.0326954
-0.0154658
0.0466004
-0.109254
0.0276958
0.00918381
0.115905
-0.00177804
0.0667927
0.0251523
-0.0547221
0.127906
-0.15873
0.12023
-0.127353
0.121253
0.0096513
0.0739411
-0.0716974
0.0808015
-0.022712
-0.0155157
0.0244213
-0.0385533
0.198268
0.132666
0.0481425
0.0796826
-0.0328995
-0.176244
-0.0277449
-0.00155443
0.00231119
0.0986328
-0.0220477
-0.00353014
-0.0833383
0.0521956
-0.0848407
0.0461627
0.0990337
0.0347758
0.0794974
-0.385327
-0.00671487
0.00326034
0.00936165
0.000867092
0.00414145
-0.00118967
0.00803721
-0.00430776
0.0241802
-0.00650914
-0.0183109
-0.0698874
-0.0351667
0.0292655
0.0476553
-0.00654274
0.0156306
-0.00901073
0.0013346
-0.0136036
-0.0523833
-0.0317623
-0.0112886
-0.00693143
0.0061157
-0.0130907
0.000251924
0.0464717
-0.0411468
-0.0485547
0.0285051
0.0603128
-0.287323
-0.1372
0.379327
-0.228512
-0.181602
-0.591631
0.39392
0.135696
0.105008
0.179609
-0.152115
-0.0462645
-0.0283517
0.0350508
-0.0963567
0.0663338
-0.0597018
-0.0812542
-0.00463578
-0.0079372
0.027213
0.0196767
0.107729
0.016069
-0.0339801
0.0402256
0.044478
-0.0124158
0.0177807
0.0226309
-0.00993153
-0.0347809
0.0143877
0.0324251
0.0120478
0.00527871
0.0114549
0.0109833
-0.000655516
-0.0291289
-0.0181873
-0.00252124
-0.0184792
0.00735455
-0.0226655
-0.00775096
0.00825213
-0.0127961
-0.0587353
0.0133847
-0.0377561
0.0148473
-0.0251769
0.0285592
-0.0228532
-0.00576816
0.0744874
-0.0276931
-0.0336793
0.00314857
0.0101153
-0.0315567
0.0224351
0.0381719
-0.0440581
-0.0305514
-0.0287987
-0.0350825
0.015156
0.00528534
0.00169648
0.0153168
0.0205189
-0.0311537
-0.106798
-0.0211642
0.0450191
-0.0630044
-0.051427
0.000953313
-0.0118722
0.00634891
-0.0335291
-0.0691366
0.0184802
-0.0576643
-0.0594983
0.175318
-0.0644136
-0.101492
-0.0499105
0.0265021
0.156943
0.0561493
-0.00491548
-0.00975183
0.0419131
0.0644394
0.0538461
-0.0516011
-0.0520196
-0.0764789
0.144781
-0.216912
-0.059997
0.0505431
-0.12575
-0.065016
-0.0798944
0.000205107
-0.0413333
0.0255658
-0.0443258
-0.0991143
-0.119066
0.252788
0.326934
-0.200264
-0.136806
0.116434
0.250969
0.013988
0.282165
-0.137569
0.109112
0.100309
0.0280998
-0.1645
0.0284534
-0.0240425
-0.15764
-0.0185317
0.02434
0.0532787
0.073764
0.115175
-0.109318
0.185479
0.0364694
-0.0484107
0.00181381
0.0247096
-0.0265232
0.00998139
-0.0641843
-0.0360287
0.00118997
-0.0449723
-0.00655229
0.0115144
0.0194789
-0.0129459
-0.00554932
-0.0276827
-0.0853146
-0.0110309
-0.0120882
-0.0136421
-0.0297836
-0.0467539
0.0699445
-0.0107729
0.0997169
0.153214
-0.0413839
0.00141712
0.0185803
0.0616108
-0.034118
0.0486237
0.0161198
0.0296255
0.00391654
0.057892
-0.110896
0.0526199
-0.0815988
-0.123999
0.164265
0.0736958
-0.0392034
-0.0169172
-0.110865
0.0296495
0.179059
-0.0699114
0.025161
0.0879378
0.0104454
-0.0541348
0.018132
-0.129588
-0.0181265
0.138279
0.0383461
-0.0246936
0.0326066
0.0444976
0.0305806
0.415427
-0.0824555
0.033141
-0.0857759
0.045652
0.297026
0.105549
0.289575
0.251932
-0.053481
0.00558134
0.25256
0.0603806
0.0122446
0.00149814
0.0147072
0.201679
0.0392251
-0.249049
-0.0798073
0.0378193
-0.0133705
-0.0226617
0.0197971
-0.00206865
-0.0692294
-0.0190628
0.0423074
0.317353
-0.0323442
-0.0851136
0.00179678
-0.0015123
-0.0129903
0.00217412
0.0163491
0.0389595
0.0308885
0.0414695
-0.062005
-0.0117249
0.00355485
-0.0352551
-0.0521182
-0.0743386
-0.0154055
-0.0448135
-0.156017
0.0777994
-0.00786662
0.00445727
0.102359
0.12266
-0.297639
0.109379
0.0734438
0.120948
-0.163352
-0.414545
0.23097
0.253698
0.0182081
-0.0398833
-0.00593785
-0.0758694
0.0367501
-0.199194
-0.0560584
0.00594709
0.119433
-0.0265735
-0.0319902
0.0446177
0.103373
0.0177515
-0.0561578
0.00107949
0.0255076
0.0132457
-0.0125911
0.0853906
0.0208609
-0.117257
0.0434291
0.00251875
0.0199133
-0.127151
-0.0718279
-0.102126
