-0.00219242
-0.0227154
-0.0444365
-0.0381577
-0.0182958
-0.00408371
0.00696211
0.00939398
0.010821
0.0134915
0.00987055
-0.00650307
-0.036725
-0.0562424
-0.0397852
-0.0143095
0.00233826
0.00830279
0.0169971
0.0171014
0.0185032
0.0112272
-0.0221566
-0.0621766
-0.0866546
-0.0648593
-0.0318334
-0.00454139
0.0204937
0.0209261
0.00429832
0.0112519
0.00336022
-0.0241038
-0.0573571
-0.0777203
-0.0523546
0.00383547
0.0501713
0.0599231
0.03315
0.00419774
0.00958449
0.00123085
-0.0103139
-0.0390996
-0.0522285
-0.00840318
0.0724301
0.112247
0.0857947
0.0368555
0.00527259
0.00467059
-0.00842489
0.000690455
-0.0234072
-0.0241679
0.0279742
0.0965478
0.0968522
0.0344376
-0.0126079
-0.029096
-0.0158016
-0.0231246
0.0225461
0.0158753
0.0348004
0.078661
0.0981823
0.0449295
-0.0443471
-0.0743412
-0.0657704
-0.037584
-0.0300524
0.0342529
0.0397728
0.0590529
0.0761469
0.0520933
-0.0132617
-0.0733172
-0.0796716
-0.0720597
-0.0511137
-0.0280465
0.0326791
0.0367547
0.043568
0.037525
0.0129921
-0.0192123
-0.047237
-0.0628796
-0.0819209
-0.0592697
-0.0231751
0.0256489
0.0308381
0.040409
0.0367816
0.0250826
0.0103632
-0.0106216
-0.0411251
-0.0580978
-0.0318317
-0.0116916
0.0185993
0.0228031
0.0275257
0.0274667
0.0208932
0.00626123
-0.0085684
-0.0203315
-0.0204561
-0.0094633
-0.00802574
0.000389173
-0.0227286
-0.0470067
-0.0399456
-0.0164021
0.000766386
0.00955008
0.00731682
0.0050835
0.00777673
0.00836028
-0.00428957
-0.0388825
-0.0610362
-0.0403478
-0.00871022
0.0134597
0.0218037
0.0247773
0.0162671
0.0170539
0.00901324
-0.0229051
-0.0701618
-0.0972519
-0.0661981
-0.0221149
0.017303
0.047843
0.0368554
0.00365858
0.00991774
0.003281
-0.0245531
-0.0626541
-0.0821217
-0.0410995
0.0354267
0.0952092
0.102259
0.0522717
0.00264725
0.00723549
-0.000484247
-0.00642662
-0.0390889
-0.0482721
0.020131
0.130824
0.179703
0.135269
0.0558122
0.0016988
0.000783663
-0.011773
0.00583967
-0.0212732
-0.0139029
0.0664192
0.158456
0.151577
0.0617363
-0.0128893
-0.0411481
-0.0253634
-0.0293035
0.0337507
0.0298397
0.0616911
0.126046
0.149568
0.0690238
-0.055098
-0.100673
-0.0901814
-0.0510312
-0.0403603
0.0487081
0.0588244
0.0867537
0.112234
0.0781435
-0.0161356
-0.101302
-0.112402
-0.10212
-0.0729669
-0.0435109
0.0438296
0.047421
0.0565568
0.0512338
0.0165626
-0.031316
-0.0692011
-0.0892414
-0.113503
-0.084818
-0.0397365
0.0316632
0.0361024
0.0473813
0.0438993
0.0270771
0.00442516
-0.0223683
-0.0607546
-0.0821731
-0.0498854
-0.023994
0.0195697
0.0244841
0.0300748
0.0291324
0.0202082
0.00217143
-0.0170067
-0.0316889
-0.036439
-0.0219343
-0.019594
-0.00463283
-0.0306796
-0.0606822
-0.0562182
-0.034169
-0.0139648
-0.00086156
0.00107029
0.00332285
0.0132461
0.0185306
-0.0151931
-0.0543523
-0.0842131
-0.068953
-0.0344531
-0.00681601
0.00920155
0.0179799
0.0168234
0.0239861
0.0232262
-0.0377185
-0.0932814
-0.130348
-0.104352
-0.0537222
-0.00804738
0.0312036
0.032838
0.00790968
0.0210882
0.0218677
-0.0438275
-0.0922725
-0.1224
-0.0845958
-0.0041873
0.0634348
0.0841113
0.052425
0.0127121
0.0228355
0.0215046
-0.0284384
-0.0697428
-0.0880769
-0.0225626
0.0886372
0.144796
0.118307
0.0584499
0.0168692
0.0220576
0.0126652
-0.0130488
-0.0473514
-0.0479826
0.0298907
0.123681
0.126661
0.0551564
-0.0022881
-0.0220504
-0.00038398
-0.00479522
0.0166623
0.00638774
0.0325481
0.0967334
0.12515
0.0590131
-0.0489613
-0.0833282
-0.0678378
-0.023781
-0.0148429
0.0355041
0.0417241
0.0687456
0.0958299
0.0686862
-0.0126073
-0.0873192
-0.092589
-0.0761161
-0.0423981
-0.0155601
0.0350644
0.0384129
0.0494424
0.0493875
0.019466
-0.0229598
-0.0578219
-0.0707686
-0.0855258
-0.0525905
-0.0112304
0.0273478
0.0322315
0.0453923
0.0477874
0.0336919
0.0118323
-0.0120006
-0.0425935
-0.0560558
-0.0214995
0.00278237
0.0205628
0.0245661
0.0332088
0.0371367
0.028194
0.00942188
-0.00608826
-0.0155417
-0.0159459
-0.000345262
0.00459819
0.00390088
-0.00861703
-0.0148015
-0.00600884
0.00207054
-0.00735241
-0.0116102
-0.0186461
-0.012794
0.0132239
0.016627
0.020302
0.0132197
0.0109455
0.0149198
0.0195616
0.00196056
-0.0143622
-0.0199415
-0.0174856
0.00680255
0.0238215
0.0186306
0.00273153
-0.0143263
-0.00744239
-0.00558805
-0.0306647
-0.0615658
-0.063749
-0.0441237
-0.0124132
0.000537937
0.0203264
-0.000442709
-0.028809
-0.0148534
-0.00569533
-0.0353991
-0.0861566
-0.109471
-0.0791834
-0.0194206
0.00148862
0.0172212
0.00342479
-0.019306
0.0100255
0.0668134
0.0485621
-0.0255904
-0.0893496
-0.0937976
-0.0240253
0.0132858
0.00518816
-0.0106067
-0.0270215
0.00518559
0.0959473
0.108062
0.0359545
-0.0446355
-0.0955588
-0.0497447
-0.00503762
0.0101431
0.00220735
-0.00100011
0.0159308
0.094962
0.138757
0.103649
0.0371021
-0.0368498
-0.0363395
-0.0114906
-0.000246616
-0.010396
-0.00222622
0.00345618
0.0441483
0.0930783
0.101049
0.0848345
0.0322099
0.0151269
0.00945518
-0.0151513
-0.0400336
-0.0409007
-0.037463
-0.0271512
-0.00234472
0.0167643
0.03917
0.0266781
0.0188854
0.0125594
-0.0128607
-0.0308393
-0.0398109
-0.0340545
-0.0300857
-0.0247155
-0.0149833
-0.000550449
0.000563428
0.00732111
0.00568936
-0.000490827
-0.00968625
-0.0124334
-0.00642537
0.00152717
0.000764622
-0.00159417
-0.00294919
-0.00773995
-0.00262953
-0.00136618
-0.00511636
-0.0189972
-0.0259336
-0.0155108
-0.00565809
-0.0148737
-0.0216242
-0.031186
-0.0262543
0.00446227
0.0102055
0.0127515
0.00578706
0.00484883
0.0131558
0.0209856
0.000914892
-0.0214323
-0.0312356
-0.0314141
-0.0048095
0.0171632
0.0108984
-0.00947766
-0.0273743
-0.0153557
-0.011081
-0.0414004
-0.0829821
-0.0892239
-0.0640499
-0.0252318
-0.00819285
0.0158309
-0.0107307
-0.0447834
-0.0232006
-0.00639828
-0.0432151
-0.111645
-0.146658
-0.10791
-0.0299933
-0.00513739
0.0139933
-0.00289021
-0.0304462
0.0190499
0.101196
0.0804533
-0.0163142
-0.106523
-0.120438
-0.033743
0.0108031
0.000412423
-0.018652
-0.0353153
0.0230889
0.150868
0.174957
0.0828386
-0.0325728
-0.109743
-0.0584965
-0.00652803
0.00780854
0.00099586
0.00242041
0.0390714
0.154336
0.220312
0.177157
0.0833288
-0.0251371
-0.0356809
-0.0114285
-0.00137366
-0.011548
0.00550395
0.0238809
0.0892058
0.159508
0.171233
0.148177
0.0673931
0.0329239
0.0194628
-0.0190806
-0.0499984
-0.0486216
-0.0357058
-0.0150372
0.0213136
0.0508449
0.0788139
0.0569237
0.0392736
0.0261816
-0.0124852
-0.0387173
-0.0502473
-0.0406568
-0.0307818
-0.0199819
-0.00426304
0.0154783
0.0140262
0.0217043
0.0185008
0.00222647
-0.0121325
-0.0158221
-0.00594755
0.00603923
0.00699687
0.00566491
0.00329536
-0.00390066
0.00394793
0.00737203
0.0102363
-0.00296128
-0.00894488
-0.000324649
0.00908028
-0.00115198
-0.0109938
-0.0190147
-0.0131229
0.0199174
0.0270355
0.0282623
0.0211723
0.0195029
0.0240407
0.0288692
0.00346004
-0.0219836
-0.0293539
-0.0247538
0.00607965
0.0294067
0.0274601
0.00866436
-0.0107082
-0.00552912
-0.00777793
-0.0461047
-0.0900526
-0.0952371
-0.065705
-0.0224556
-0.00235922
0.0282212
0.00547125
-0.0279453
-0.014902
-0.0107635
-0.0559571
-0.125092
-0.155959
-0.115336
-0.0352946
-0.00541927
0.0246362
0.00935001
-0.017744
0.0200895
0.0824226
0.0514472
-0.0444179
-0.125105
-0.13214
-0.0421026
0.00798268
0.00987281
-0.009208
-0.0256674
0.0210527
0.127187
0.138304
0.046576
-0.061822
-0.128647
-0.071512
-0.0127868
0.0155922
0.00669366
0.0047547
0.0342017
0.134297
0.184923
0.136813
0.0453647
-0.0526837
-0.0534243
-0.0204305
0.00682744
-0.00714628
0.00254019
0.0171533
0.0754043
0.133808
0.136257
0.110481
0.0367243
0.010744
0.00783371
-0.0106411
-0.0447912
-0.0497306
-0.0414003
-0.0239525
0.0072301
0.0308603
0.0518607
0.0303167
0.020315
0.0158109
-0.00449712
-0.0332553
-0.0498048
-0.0448896
-0.037099
-0.0272581
-0.015018
0.00140907
-0.00151806
0.00922844
0.012645
0.0113856
-0.00616126
-0.0145401
-0.00831513
0.00215958
0.00367174
0.000982823
-0.00204925
-0.00974657
-0.000170764
0.00898732
-0.016658
-0.0173044
-0.0103153
-0.00446469
0.000845045
0.00374272
0.00339209
0.00628907
0.00916133
0.00227141
0.00880879
-0.0141897
-0.00962406
-0.00280516
0.00757177
0.0138632
0.0136893
0.0127547
0.0107727
0.0140898
0.0117306
0.0139543
-0.0228299
-0.0244894
-0.0263045
-0.0225186
-0.0195331
-0.0136877
-0.0113004
-0.00509925
0.00586239
0.0145523
0.0185796
-0.0148487
-0.0185371
-0.0170771
-0.0201071
-0.0140192
-0.00823732
-0.00430238
0.0118856
0.0193863
0.0197609
0.0263079
-0.012775
-0.0129879
-0.00482487
-0.00225412
0.00900147
0.0246948
0.0326399
0.049331
0.0456634
0.0322948
0.0287183
-0.0201557
-0.0234354
-0.0205132
-0.0257655
-0.0265112
-0.0161203
-0.00320915
0.0248437
0.0398979
0.0299279
0.0232625
-0.00802897
0.000864911
0.00934427
0.000645908
-0.0144094
-0.0288993
-0.0313701
-0.00717723
0.0150098
0.0171445
0.0214685
-0.00591024
0.00227442
0.00458016
0.001243
-0.00690057
-0.0201074
-0.0273891
-0.0142348
-0.00245718
0.00971885
0.0203251
-0.00643842
-0.00288963
-0.00761013
-0.0212631
-0.0242157
-0.0295799
-0.0230771
-0.0108175
-0.00599838
0.00648434
0.0100448
-0.00233259
0.00518895
0.0105607
0.00636293
0.00482464
0.00205945
0.0042789
0.00831337
0.00992617
0.0139633
0.00936756
0.00426552
0.00863509
0.00787685
0.0104291
0.00931326
0.00903986
0.00984188
0.0104269
0.0173217
0.0166063
0.0111844
-0.0595886
-0.0707403
-0.0743538
-0.0746945
-0.065504
-0.0521839
-0.0365538
-0.0191577
-0.0099098
-0.0159757
-0.00973609
-0.0638708
-0.072536
-0.0795802
-0.0742969
-0.0630696
-0.0442206
-0.0262109
-0.0127944
-0.00269596
-0.00269188
-0.000915455
-0.0786091
-0.100043
-0.121874
-0.124837
-0.112339
-0.08047
-0.0487819
-0.0254535
-0.00896531
0.00337146
0.0109126
-0.0704038
-0.0931082
-0.109117
-0.116869
-0.095381
-0.0577328
-0.0229968
0.0122217
0.0246903
0.0219838
0.028571
-0.0664737
-0.0798208
-0.0806387
-0.0726993
-0.0364191
0.0167613
0.0564585
0.0927933
0.0877407
0.0575133
0.0436416
-0.0648289
-0.081489
-0.0849639
-0.077705
-0.0526482
-0.00429516
0.0447621
0.0924106
0.102282
0.0755909
0.0523718
-0.0364932
-0.0345786
-0.0234039
-0.0137992
-0.00588871
0.0101563
0.0367074
0.0727453
0.0913836
0.0784761
0.069399
-0.0241697
-0.0194425
-0.00779695
0.00939244
0.0249616
0.0376009
0.0513524
0.0737084
0.0780543
0.0807416
0.0798322
-0.0223229
-0.0199503
-0.0208519
-0.0167429
0.0025339
0.0185485
0.0470745
0.0702834
0.0742113
0.0844205
0.0715257
-0.0125559
-0.00451905
0.00587922
0.0172463
0.0320934
0.0475888
0.0711758
0.0852797
0.088848
0.0901132
0.0673351
-0.00253123
0.00263374
0.00835516
0.0204344
0.0324243
0.0469263
0.0632731
0.0742284
0.0851932
0.0777107
0.0574895
0.0749809
0.0745239
0.0743253
0.0707288
0.0628271
0.0552722
0.04585
0.0346534
0.0191262
-0.00516483
-0.015012
0.0782349
0.0890092
0.0922863
0.0953823
0.0842776
0.0714037
0.0536585
0.0297288
0.00895806
-0.0122054
-0.0239604
0.0700793
0.0790746
0.0747358
0.0686876
0.0503453
0.0396439
0.0250582
-0.00156147
-0.0238298
-0.0302938
-0.0330453
0.073414
0.0847953
0.0903461
0.076953
0.0607149
0.0474718
0.0218639
-0.000691757
-0.0240842
-0.0422828
-0.0421063
0.065231
0.0823987
0.100823
0.0980096
0.0891255
0.0815994
0.0540659
0.0319128
-0.00550242
-0.0423355
-0.0503509
0.0523695
0.0623725
0.0718461
0.0613907
0.0374878
0.0194545
-0.0038231
-0.0153654
-0.0365533
-0.0619073
-0.0651296
0.0600961
0.0768803
0.0913283
0.0776096
0.0346525
-0.0162785
-0.0605458
-0.0830322
-0.0922379
-0.0913573
-0.0676017
0.0468583
0.0533331
0.0574696
0.0469315
0.0142832
-0.0388479
-0.0928181
-0.124244
-0.137122
-0.111246
-0.0698746
0.0237708
0.0207248
0.00628034
-0.0196765
-0.04675
-0.0860134
-0.120039
-0.145212
-0.150761
-0.109437
-0.0753309
0.0140931
0.0116497
0.00619712
-0.012419
-0.0384901
-0.0669301
-0.0944164
-0.112875
-0.110527
-0.0798402
-0.0658758
0.0048837
-0.00144967
-0.00990613
-0.0230542
-0.0434064
-0.0622145
-0.0749894
-0.083599
-0.0735734
-0.0617677
-0.0598843
-0.00543567
-0.0079304
-0.0171688
-0.00641448
0.0116805
0.00818198
-0.00842506
-0.0233145
-0.0250711
-0.00451459
0.00393616
-0.0147996
-0.0450117
-0.0593896
-0.0516858
-0.0504224
-0.0478994
-0.033486
-0.0209325
-0.0218917
-0.00896971
0.00643136
0.0133227
0.00637097
0.0316639
0.0607977
0.0628418
0.0743498
0.0845869
0.0637568
0.0368586
0.0290851
0.0243411
-0.0113172
-0.0128444
-0.0180744
0.0124171
0.0578021
0.0922207
0.0797053
0.0339643
0.0201451
0.0332735
0.0143518
-0.00230608
-0.0255527
-0.065112
-0.0719282
-0.0442431
-0.0524519
-0.102526
-0.121701
-0.0795644
-0.0116785
0.00475445
0.0290608
0.0274464
0.0273692
0.0541606
0.111041
0.0777628
-0.0232341
-0.0752022
-0.060841
-0.00283954
0.0177783
-0.0300612
-0.0493106
-0.0636523
-0.0422763
0.0211334
0.019345
-0.0286233
-0.0160194
0.00414949
0.0173956
0.00440147
-0.00979311
-0.0207901
-0.0233056
-0.0378704
-0.0438265
-0.0530909
-0.0359806
0.0291593
0.0377794
0.00747254
-0.0075072
0.0169624
0.0184838
0.046144
0.0698604
0.0698376
0.0685161
0.0788985
0.0741525
0.0290583
0.0162978
0.0257838
0.00700456
-0.00665567
-0.0145285
-0.00727396
0.000428475
0.00522985
0.0100759
-0.0102119
-0.022422
0.00895249
0.0188968
-0.00785614
-0.00130887
0.000921072
-0.00170495
0.00603154
0.0119531
0.00302486
-0.00248084
-0.000537633
0.00597141
0.00293578
-0.00289999
-0.00919387
-0.0215975
-0.0101626
0.00826232
0.00794868
-0.00632349
-0.0236366
-0.028124
-0.0082956
0.0040372
-0.0151753
-0.0595041
-0.0836377
-0.0832306
-0.0885232
-0.0828303
-0.0536221
-0.0336433
-0.0371193
-0.0167906
0.00803683
0.0187846
0.00633807
0.0325686
0.0622124
0.0674307
0.0888018
0.108716
0.0800158
0.0412908
0.0327434
0.0299515
-0.0153697
-0.026136
-0.0346931
0.00778678
0.0709549
0.122659
0.107638
0.0416893
0.0171986
0.0375888
0.0196962
-0.00556053
-0.0456867
-0.104682
-0.115536
-0.0778477
-0.087455
-0.155632
-0.18686
-0.125763
-0.0260443
0.00660312
0.0351859
0.0307095
0.0235217
0.0580133
0.128487
0.075388
-0.0640676
-0.13395
-0.106063
-0.0202372
0.020182
-0.0420447
-0.0694799
-0.0908189
-0.0614742
0.0201387
0.00986755
-0.0596846
-0.0422575
-0.0147195
0.00917819
6.82774e-05
-0.0161782
-0.0364764
-0.0446501
-0.0662444
-0.0735349
-0.0860728
-0.0607259
0.0319628
0.0477789
0.0107081
-0.010229
0.0262276
0.0267115
0.0649363
0.0958429
0.0927808
0.090914
0.105665
0.104024
0.0462081
0.028069
0.0378285
0.0159497
-0.00174178
-0.00824392
0.00599028
0.015313
0.0185972
0.0209376
-0.000460032
-0.0196064
0.0197386
0.0323769
-0.00357687
0.000517435
0.000929222
-0.00349131
0.00459881
0.00683595
-0.000138529
-0.00497036
0.000671302
0.0132336
0.0102673
0.0197875
0.0182121
0.00702637
0.0175585
0.0296661
0.0248203
0.00574131
-0.0192923
-0.0307113
-0.0154916
-0.0101499
0.0145275
-0.0198671
-0.0416882
-0.0419956
-0.0472827
-0.0451252
-0.0274086
-0.0199891
-0.0345321
-0.0219124
-0.00480853
0.0492834
0.0470274
0.0735201
0.102852
0.107001
0.120941
0.12861
0.0905053
0.0393539
0.0200256
0.015234
0.0192513
0.0196125
0.0186485
0.0605185
0.114773
0.153479
0.129233
0.0517392
0.00943248
0.0171877
-0.0024845
0.0222041
-0.00436194
-0.0459222
-0.0513107
-0.0233607
-0.0392872
-0.111449
-0.159971
-0.125791
-0.0457512
-0.0173806
0.0553612
0.056625
0.0577537
0.0914148
0.154947
0.0999664
-0.0419801
-0.12577
-0.119672
-0.048065
-0.00823403
-0.0179463
-0.0398733
-0.0569272
-0.0281087
0.0450029
0.0257817
-0.0554761
-0.0629283
-0.0508838
-0.0274785
-0.0288683
0.00208919
-0.0129626
-0.0175011
-0.0354579
-0.0473088
-0.0721142
-0.0714922
-0.0104424
-0.00457034
-0.032175
-0.04215
0.0325673
0.0336977
0.0704053
0.097448
0.0901801
0.0721661
0.065106
0.0500209
-0.00751483
-0.0168217
0.00124144
0.0176509
-0.00195408
-0.00659356
0.00276832
0.00369314
-0.00481412
-0.0169538
-0.0438298
-0.0610884
-0.0176832
-0.00082214
-0.0060091
-0.00862866
-0.00717831
-0.0107204
-0.00950414
-0.0138088
-0.0293128
-0.0418642
-0.0381649
-0.0232957
-0.0231267
0.0118906
0.00615677
0.00535967
0.0175489
0.02243
0.0151147
-0.00594697
-0.0135969
-0.00756209
-0.00364909
-0.00345173
0.0197371
0.00715785
0.0108646
0.0270938
0.0184101
-0.00369126
-0.0244877
-0.0289243
-0.0123909
-6.73494e-05
0.000811231
0.0154513
0.00205873
0.0023824
0.0159837
0.00149037
-0.00555474
-0.0156851
-0.0434327
-0.0490579
-0.00805326
0.0174328
0.0283632
0.0310445
0.0233731
0.0374366
0.0786169
0.0945996
0.0367154
-0.0243852
-0.049004
-0.0108427
0.0171422
0.0124236
0.00922714
-0.0101698
0.00920967
0.105942
0.153442
0.0795815
0.0156727
-0.0126541
-0.000726424
0.0120729
-0.0280338
-0.0522667
-0.0862525
-0.0874762
-0.00205812
0.0505044
-9.92503e-05
-0.00859949
0.00550929
0.027324
0.026456
-0.0342079
-0.0540791
-0.0733172
-0.0846401
-0.0384179
-0.0294542
-0.0685177
-0.019895
0.0233523
0.0385835
0.0257309
-0.0479587
-0.0636401
-0.0639776
-0.0705088
-0.0605687
-0.0561546
-0.0502723
0.00412227
0.00995608
-0.00282779
0.00170831
-0.0318071
-0.0570417
-0.0608751
-0.0570392
-0.0495279
-0.0173186
0.0179192
0.0347064
-0.00856947
-0.0131759
0.00762728
-0.0110639
-0.0234559
-0.020461
-0.0101809
0.0059638
0.0369814
0.0613253
0.0577637
0.0315534
0.0318574
0.0271153
-0.0119964
-0.0244782
-0.0311058
-0.0314946
-0.0222056
-0.00834803
0.00621455
0.0214204
0.0356572
0.0374061
0.025436
0.0300359
0.0262406
0.0342559
0.0573951
0.0637408
0.0500693
0.0220855
0.0078119
0.00362473
0.00345951
0.00488952
0.04212
0.0345462
0.0530586
0.0844504
0.0751754
0.0466002
0.0175959
-0.00275641
0.00124531
0.0104899
0.0135702
0.0359942
0.02903
0.0482203
0.0800109
0.0684219
0.0606817
0.0378035
-0.0164685
-0.0438639
0.000245914
0.0324834
0.0487532
0.0610143
0.0684365
0.107628
0.17775
0.201454
0.113559
0.00994156
-0.0439566
-0.00619525
0.0278616
0.0250173
0.0287426
0.0185722
0.0675345
0.211263
0.277508
0.168915
0.0632903
0.00527971
0.00660927
0.0166013
-0.0309281
-0.0556961
-0.0932068
-0.0787771
0.0482067
0.116994
0.0421988
0.0168105
0.0244296
0.0378689
0.0314957
-0.0431533
-0.0617765
-0.0849761
-0.0966388
-0.0334023
-0.0229201
-0.0796952
-0.024984
0.0318001
0.0447909
0.025111
-0.0670104
-0.0815887
-0.0810471
-0.0881456
-0.0791293
-0.0794876
-0.0790158
-0.0136423
-0.00629174
-0.0258622
-0.017473
-0.0558333
-0.0885263
-0.09212
-0.085119
-0.076001
-0.0435411
-0.00249137
0.0143265
-0.0451964
-0.0558487
-0.0220969
-0.0318219
-0.050774
-0.0459953
-0.0286699
-0.00914221
0.0234631
0.0494619
0.0382697
-0.00194067
-0.00250938
-0.000131948
-0.0354554
-0.0494385
-0.0562055
-0.0550816
-0.0445727
-0.0344685
-0.0225559
-0.00697563
0.00543558
0.00711685
-0.00355609
0.0363389
0.0269539
0.0249929
0.0356685
0.0353303
0.0203393
-0.0081278
-0.0205061
-0.0174505
-0.0100889
-0.00420643
0.0465672
0.0319381
0.0366997
0.0515635
0.0322946
0.00126248
-0.0268414
-0.0454075
-0.0300988
-0.00936689
0.000256241
0.043217
0.0269989
0.0293553
0.0423129
0.0169585
-0.000648122
-0.0223623
-0.0670124
-0.0775728
-0.0230946
0.0132983
0.056448
0.0584701
0.0522793
0.0700095
0.112004
0.117604
0.0373246
-0.0466375
-0.0816748
-0.0336383
0.00718089
0.038348
0.0346762
0.0128353
0.0408802
0.149419
0.191724
0.091484
0.00267315
-0.040483
-0.025926
-0.00523594
-0.0115099
-0.0442732
-0.0885866
-0.0881768
0.014035
0.0669368
-0.00395737
-0.027957
-0.0174719
0.00677823
0.00916393
-0.0240289
-0.0514016
-0.0795291
-0.0980137
-0.0452132
-0.0380185
-0.0931738
-0.0477991
0.0020321
0.0217946
0.00780942
-0.0458807
-0.0672854
-0.0712809
-0.0861555
-0.0750647
-0.0722472
-0.0741262
-0.0201799
-0.015219
-0.0290703
-0.0218187
-0.0312922
-0.0672871
-0.0767437
-0.0743777
-0.0614288
-0.0268007
0.00870959
0.0221405
-0.0325649
-0.0429145
-0.0150394
-0.00653794
-0.0304977
-0.0308526
-0.0156425
0.0061468
0.0393278
0.0648526
0.0537978
0.0157976
0.0117029
0.00940969
-0.00663022
-0.027304
-0.0397457
-0.0392162
-0.0254624
-0.0171811
-0.00383368
0.0102293
0.0218537
0.01958
0.00471789
-0.00858008
-0.0018222
-0.00218912
0.00842581
0.0144744
0.0148851
0.00178884
-0.0124667
-0.00829762
-0.0104678
-0.0148548
-0.00173626
0.00372733
0.0369256
0.0698343
0.0375685
0.000723095
-0.000749006
0.0121574
0.0146243
-0.00585695
-0.0100525
-0.0188628
0.00316478
0.0340646
0.012771
-0.0623045
-0.0466976
0.0148225
0.00794346
-0.0148765
-0.0142014
-0.00550109
-0.00607229
0.0326614
0.0318607
-0.0383962
-0.0830312
-0.00953007
0.006301
-0.0354338
-0.0235431
0.00279073
0.007305
0.0146329
0.0141784
0.00473974
-0.0202592
-8.51174e-05
0.0714333
0.0181125
-0.021059
0.0328727
0.0385263
0.0271975
-0.00497376
-0.0367853
-0.0295863
0.000406024
0.0404901
0.0504975
-0.0474653
-0.0514156
0.0499252
0.0595001
0.0294641
-0.00489159
-0.00679382
0.0352121
0.107241
0.106972
0.00419008
-0.0919776
-0.0178911
0.116411
0.0886782
0.0138006
-0.0105505
0.00585788
0.036136
0.0686648
0.0264001
-0.0529837
-0.0193827
0.113207
0.156345
0.0414511
0.0066755
-0.00943358
0.000174806
-0.0124262
-0.0368154
-0.0597426
-0.0378382
0.0596259
0.109515
0.0437451
-0.0103809
0.0251059
-0.013393
-0.00656805
0.00261659
-0.0105332
-0.00675796
0.0215258
0.0498768
0.0074229
-0.014569
0.0197741
0.0292314
-0.0048733
0.00493215
-0.0051903
-0.0136518
0.00230454
0.0153004
0.00756952
-0.011734
0.0197647
0.0207048
0.00291303
0.0247136
0.0224345
0.0130579
0.0154108
0.00825996
0.00639794
-0.0050156
-0.0136994
-6.97924e-05
0.000799905
0.00265063
0.024599
0.0222842
0.0508419
0.0649441
0.00947836
-0.0291055
-0.0185379
0.00482683
0.0127909
-0.00548772
0.00121857
-0.000935223
0.0114301
0.0255881
-0.0394562
-0.148899
-0.113009
-0.0242121
-0.0249369
-0.0483684
-0.0331309
-0.00279765
0.0119983
0.0352251
0.00456555
-0.119625
-0.19066
-0.0886247
-0.0672804
-0.117164
-0.0873152
-0.0275185
0.00433233
0.0302712
0.00926185
-0.0259093
-0.0835283
-0.0759103
0.00425306
-0.082697
-0.132964
-0.0365376
0.00721184
0.0201668
0.000644955
-0.0570224
-0.0616378
-0.0446173
-0.0245074
-0.0447839
-0.193689
-0.193276
-0.0208967
0.0307563
0.0231496
0.00909322
-0.00506962
0.0365403
0.100463
0.0587955
-0.116056
-0.264481
-0.15263
0.0671366
0.0720874
0.00184227
0.0104695
0.0223605
0.0450621
0.0590983
-0.0295315
-0.166907
-0.141349
0.0446313
0.134335
0.0166447
-0.0158303
0.0122354
0.0107444
-0.0184285
-0.0684916
-0.123453
-0.115339
0.00240717
0.0746405
0.00494606
-0.0484628
0.00962922
0.0058956
0.0048296
0.00706791
-0.0178206
-0.0309193
-0.00523258
0.020782
-0.0311775
-0.0542753
0.00210597
0.0315994
0.0203689
0.0267056
0.0146062
-0.00399037
0.00278137
0.00888742
-0.00702649
-0.0304227
0.00810306
0.0236114
0.0108181
-0.00669188
0.00163573
-0.000480418
0.00588186
0.0104962
0.0119822
0.00273306
-0.00744985
-0.00585997
-0.0121987
-0.0194858
-0.000482704
0.00691379
0.0406689
0.0670192
0.0332757
0.00603265
0.0184277
0.0313948
0.0252217
-0.009247
-0.0174935
-0.0214237
-0.00029899
0.0283224
-0.0068323
-0.082838
-0.0373688
0.0479514
0.0344399
-0.0102559
-0.0212015
-0.0140299
-0.00512189
0.0271483
0.0224042
-0.0613424
-0.0970851
0.0171771
0.0468007
-0.0137012
-0.0238025
-0.00452772
0.000452163
0.0152137
0.0121318
-0.000844578
-0.0231105
0.0191359
0.124348
0.0599031
-0.00725188
0.0374223
0.0380605
0.020032
-0.0120669
-0.0467376
-0.0300436
0.0155744
0.0721019
0.0882108
-0.0359573
-0.060121
0.0518505
0.0635322
0.0301296
-0.00862106
-0.00655765
0.0564313
0.147977
0.147328
0.0162629
-0.118543
-0.0405861
0.125206
0.0989225
0.0122355
-0.0153101
0.00990541
0.0544323
0.0978488
0.0456474
-0.0625517
-0.0423221
0.107761
0.170169
0.0432527
-0.00459033
-0.0185901
-0.00623211
-0.0149284
-0.0373327
-0.0685061
-0.053755
0.0495582
0.107244
0.041467
-0.0198306
0.0149049
-0.0281588
-0.0195585
-0.00422628
-0.0103345
-0.0112392
0.0142352
0.0373147
-0.00739578
-0.0259365
0.0154808
0.0237865
-0.0200217
-0.00695759
-0.0106552
-0.0158845
-0.00481176
0.00293501
-0.0105657
-0.0296214
0.00600773
0.0141643
-0.00854347
-0.010983
-0.0136631
-0.00506272
-0.00344145
0.00407688
-0.00559307
-0.00822077
-0.0127517
-0.0201522
-0.0135322
-0.0126868
-0.000844354
0.000248268
-0.0022776
0.00367116
0.0236207
0.0293475
0.00759222
-0.0153516
-0.0156136
0.00314892
-0.00303819
0.00874982
-0.00394162
-0.0138437
0.0244266
0.0654521
0.0371394
-0.0122527
-0.0233387
-0.00359878
0.0151354
0.00157131
0.0142625
0.00642934
0.0122817
0.0730283
0.108269
0.0409479
0.00159305
0.0114507
0.0174234
0.0149182
3.81309e-06
0.00446281
0.0198221
0.039544
0.0867532
0.104896
0.0531913
0.0535156
0.0552281
0.0164941
0.00929131
-0.00454194
0.00150474
0.0226336
0.0204037
0.020401
0.038043
0.043024
0.0819568
0.0784043
0.00939905
-0.000799404
-0.00573336
0.00869346
0.0212431
0.00633991
-0.0244559
0.00594194
0.074983
0.121825
0.0778351
-0.0148874
-0.0166151
-0.00523468
0.00272035
7.24593e-05
-0.00211792
-0.00720197
0.0386977
0.105645
0.0966957
0.0156954
-0.0399733
-0.00210243
-0.00425441
-0.00046861
-0.00979723
-0.00165959
0.0204488
0.0495699
0.0614124
0.0239671
-0.00874714
0.00327352
0.017531
-0.00914522
0.00666615
0.00355664
0.00233628
0.0199076
0.032804
0.0310532
0.0228944
0.0350526
0.0293578
0.00406881
-0.00671169
-0.000636658
-0.00572846
-0.00257774
0.00612774
0.00907983
0.0100218
0.0170718
0.0238862
0.000942682
-0.00196345
0.0100018
0.0348078
0.0178055
0.00209441
-0.0112707
-0.014122
-0.0250193
-0.021423
-0.018856
-0.0162612
0.00495755
0.0195954
0.0352828
0.0158029
-0.0195143
-0.0408955
-0.0297182
-0.0263572
-0.0392469
-0.0541404
-0.041114
-0.00147253
0.0163548
0.0374412
-0.0101942
-0.0564723
-0.0454359
-0.016565
-0.0610548
-0.112997
-0.106458
-0.0617641
-0.0117334
0.00797964
0.0357327
-0.0133086
-0.0493597
-0.0147107
-0.00327835
-0.0978505
-0.136168
-0.104655
-0.0728612
-0.0334664
-0.00475749
0.0189555
-0.00140286
-0.0309095
-0.0215895
-0.036363
-0.117532
-0.104771
-0.0808539
-0.102877
-0.0567641
-0.0180023
0.0185186
0.00565096
-0.0580684
-0.115584
-0.133799
-0.151833
-0.093916
-0.0737954
-0.126635
-0.076224
-0.0245921
0.0312919
0.00746936
-0.0663054
-0.160716
-0.164867
-0.104181
-0.0450825
-0.0786919
-0.155787
-0.0935305
-0.0160533
0.0280704
-0.00972868
-0.0479669
-0.1004
-0.0850109
-0.0305703
-0.0525547
-0.139955
-0.165602
-0.0599037
-0.00507145
0.0288444
-0.0047978
-0.0162133
-0.0197674
-0.0181763
-0.0341552
-0.0993348
-0.125699
-0.0760071
-0.00768276
-0.00550259
0.0480728
0.0271297
0.00915211
0.0112968
0.00563914
-0.0181502
-0.0375419
-0.00999904
0.00836201
0.00263388
0.00410548
0.0499768
0.0297615
0.0232831
0.0232229
0.0143006
0.00463225
0.00572071
0.020817
0.00529821
0.0102314
0.0306073
-0.0127195
-0.0100016
-0.00637444
0.000818944
0.012752
0.0183988
0.0271074
0.0170078
-0.00423912
-0.00547605
-0.00575925
-0.0079835
-0.00186296
-0.0129958
-0.00287561
0.0392385
0.0702235
0.06404
0.0291382
0.00268944
0.00586097
0.00282145
-0.00590042
-0.0171204
-0.0286069
0.0265156
0.10347
0.104382
0.0669324
0.036913
0.0184421
0.0179818
0.00941605
-0.0021942
-0.014164
-0.00548156
0.08868
0.171545
0.134903
0.102235
0.0790994
0.0387692
0.0210744
0.0122989
-0.013013
0.00218694
0.0230555
0.106407
0.176224
0.149348
0.150133
0.119274
0.0302178
0.0147199
0.00770051
-0.0139691
0.00931305
0.00430841
0.0290705
0.0858324
0.107254
0.148851
0.122232
0.0132914
0.00325992
0.00807982
-0.00804941
0.00224477
-0.0168434
-0.0345704
0.021318
0.105385
0.150161
0.0892394
-0.0236586
-0.0137281
0.0137848
-0.0242375
-0.033467
-0.0319201
-0.0243479
0.0340957
0.104542
0.0831197
-0.0106134
-0.0634001
-0.00091488
0.00797405
-0.0360968
-0.0484459
-0.0306039
0.00498627
0.0361918
0.0362227
-0.0181152
-0.0470264
-0.0219568
0.0155808
-0.0136347
-0.0282874
-0.0334229
-0.029448
-0.00459001
0.00775374
-0.00482592
-0.015688
0.00936989
0.0134199
-0.00468562
-0.0261834
-0.041355
-0.0477352
-0.0415843
-0.0272501
-0.0287494
-0.0329359
-0.0252366
-0.00963517
-0.0301039
-0.0317958
-0.0304254
-0.0451773
-0.042399
-0.044874
-0.0383321
-0.0301216
-0.0218086
-0.0109707
-0.0076477
-0.00665799
-0.00485012
0.0105408
-0.0499691
-0.0486129
-0.0494484
-0.0424963
-0.0221824
-0.00493668
0.00132685
0.00343399
0.00370652
0.00758486
0.0205343
-0.0566398
-0.0560396
-0.0643922
-0.051272
-0.0187834
-0.00331888
0.000568482
0.0108543
0.0232515
0.0285119
0.034098
-0.0570797
-0.0583757
-0.0612797
-0.0398723
-0.0179654
-0.0104021
0.00804563
0.0304413
0.0402646
0.0403064
0.0438457
-0.0557183
-0.0535538
-0.0509944
-0.0345924
-0.0166393
-6.34298e-06
0.0352811
0.0563545
0.0550664
0.0509878
0.0495084
-0.0486795
-0.0493367
-0.0543955
-0.0489606
-0.0319074
-0.00364463
0.045403
0.0712452
0.0688024
0.0631201
0.0558443
-0.0411404
-0.0418105
-0.0511788
-0.0474993
-0.021841
0.0226877
0.0666655
0.07409
0.0665129
0.0677392
0.0682476
-0.0360198
-0.0402403
-0.0518721
-0.0386648
0.00213288
0.0432247
0.0641363
0.0563218
0.0613669
0.0779692
0.0755006
-0.0324708
-0.0274532
-0.0348325
-0.0258684
0.00205874
0.0221225
0.0316285
0.0403086
0.0664963
0.0741793
0.0663599
-0.0253876
-0.0207612
-0.0187243
-0.0103408
-0.000519733
0.00972706
0.0228019
0.0450168
0.0589615
0.0533148
0.0533376
-0.0299289
-0.0237547
-0.0179099
-0.00604512
0.00188176
0.00923489
0.0178561
0.0322791
0.0350616
0.0377096
0.0451496
0.0134485
0.0137785
0.0161104
0.0255306
0.0337311
0.0418295
0.0569082
0.0594478
0.0528529
0.050257
0.0494203
0.0106878
0.0115688
0.0147736
0.0236224
0.046486
0.0635386
0.07127
0.0710964
0.0649107
0.0613093
0.0547523
0.00181094
-0.00281663
-0.00961396
0.00329441
0.0355116
0.046431
0.0462109
0.0561078
0.0649645
0.0672123
0.0572363
-0.00307932
-0.0133605
-0.0174298
-0.000566833
0.00632115
0.000135801
0.0148362
0.0398833
0.053197
0.0544173
0.0486945
-0.00918544
-0.0155617
-0.0151961
-0.00895517
-0.0187844
-0.0284004
0.00035349
0.0218959
0.0287752
0.0346171
0.0350125
-0.0082763
-0.0163502
-0.0280285
-0.040266
-0.0615064
-0.0696243
-0.035648
-0.0106499
-0.0055471
0.0108941
0.0203866
-0.00589233
-0.0154734
-0.0289099
-0.0462845
-0.0620288
-0.0607151
-0.0417472
-0.0465358
-0.0444445
-0.0128864
0.0147705
-0.00608059
-0.0215994
-0.0366571
-0.0384964
-0.0338793
-0.0353503
-0.0505112
-0.0811032
-0.070034
-0.0173099
0.0136283
-0.00953618
-0.0157178
-0.0273108
-0.0343092
-0.039924
-0.0580345
-0.0840024
-0.0916893
-0.0538487
-0.017431
0.0021565
-0.0111465
-0.0145679
-0.0200079
-0.0260286
-0.0400311
-0.0587693
-0.0713377
-0.0590293
-0.037763
-0.0249395
-0.00617575
-0.0151013
-0.0204431
-0.0221851
-0.0221506
-0.0283927
-0.0384355
-0.0438476
-0.040105
-0.0394846
-0.0254959
-0.00321462
0.000436375
-0.0167328
-0.0328745
-0.0490314
-0.0679156
-0.0783432
-0.0800481
-0.0931261
-0.103186
-0.0997739
-0.0988118
0.016545
0.00252538
-0.0161457
-0.0367202
-0.0462441
-0.0556354
-0.0716361
-0.0909616
-0.102474
-0.0958673
-0.0964113
0.0262326
0.0112431
-0.00963707
-0.0250798
-0.0318025
-0.057773
-0.0884945
-0.10638
-0.106044
-0.0953744
-0.096984
0.0411483
0.0334465
0.0249775
0.0167994
-0.0122049
-0.0596503
-0.0843721
-0.0942248
-0.099182
-0.094667
-0.0949467
0.0543737
0.0617996
0.070846
0.0660046
0.0216742
-0.0292757
-0.0476179
-0.0631276
-0.0850735
-0.0830505
-0.0823898
0.0648867
0.0811055
0.0944351
0.0834757
0.0380427
-0.011929
-0.0248978
-0.0454002
-0.0707082
-0.0701702
-0.0724551
0.0738709
0.0906236
0.109277
0.107763
0.0806867
0.0450453
0.0233702
-0.0242397
-0.0584409
-0.0573822
-0.0531261
0.0754016
0.0849141
0.103398
0.124277
0.13005
0.105885
0.0619215
-0.00365238
-0.0342255
-0.0257176
-0.033564
0.0672496
0.0818691
0.0993845
0.117984
0.122308
0.0977246
0.052644
0.0167346
0.00977648
0.00256372
-0.0208499
0.0611612
0.0690676
0.0881623
0.104075
0.102934
0.0844761
0.0608941
0.0474349
0.0323635
0.00796669
-0.0136693
0.0630541
0.0617072
0.0755753
0.0919294
0.0951354
0.0860486
0.0723183
0.0520351
0.0262502
0.00958907
-0.00344245
0.0239418
0.00517597
-0.0110292
-0.0167206
-0.0218017
-0.0197071
-0.0268352
-0.0236821
-0.0164849
-0.0175334
-0.00768538
0.0355578
0.0087341
0.00313399
0.0205305
0.0134248
0.0221596
0.00381348
-0.0273116
-0.00713447
0.00614332
0.0034238
0.0303223
0.0092425
0.0069348
0.0202745
0.0176928
0.0265453
0.0100265
-0.041517
-0.0555732
0.00579538
0.0148816
0.0552368
0.0429941
0.0482682
0.0492242
0.0655317
0.0527154
-0.0184952
-0.0412203
-0.0810565
-0.0477669
-0.0177761
0.0568333
0.0426144
0.0648607
0.0541467
0.0805705
0.0853859
-0.0265046
-0.0359691
-0.0653189
-0.0719452
-0.0444903
0.0472633
0.0250984
0.00830907
-0.0475625
-0.0552412
-0.0522933
-0.133963
-0.103579
-0.0465136
-0.0301505
-0.0210788
0.0602018
0.0352304
0.0119297
-0.0257289
-0.0200965
-0.0506156
-0.130491
-0.0853454
-0.0246205
-0.0074637
-0.0118777
0.0306245
0.00504221
0.00382844
0.0167997
0.0603929
0.0462707
-0.0355734
-0.0612656
-0.0697719
-0.0551077
-0.0281758
0.0397479
0.0316775
0.0257628
0.0358141
0.0594571
0.0408307
-0.0154965
-0.046624
-0.0713122
-0.0457716
-0.0237417
0.0428033
0.0345617
0.0518985
0.0600254
0.0616629
0.0385305
0.015098
0.00501713
-0.0183303
-0.0254938
-0.0261728
0.0230388
0.00736956
0.0125697
0.0247439
0.0269456
0.0131178
-0.00476061
-0.0252756
-0.0338938
-0.0299019
-0.0298332
-0.0270416
-0.0542754
-0.0775043
-0.087378
-0.0932624
-0.0867293
-0.0900765
-0.0801402
-0.0590405
-0.0485299
-0.027013
-0.00570046
-0.0453175
-0.0531012
-0.0331369
-0.0407337
-0.023908
-0.037514
-0.0723354
-0.0357742
-0.00172182
0.00135133
-0.00758099
-0.0427138
-0.0504004
-0.0382653
-0.0467254
-0.0252767
-0.0314948
-0.0835137
-0.08786
0.00217904
0.0263161
0.022934
0.00299289
7.75033e-05
-0.00783357
0.0179179
0.0141773
-0.0592268
-0.0625182
-0.0965524
-0.0471397
0.00412082
0.023474
0.00761049
0.0318669
0.0121909
0.0584014
0.0833971
-0.0403892
-0.0214929
-0.0399128
-0.0550296
-0.0160142
0.0163288
-0.0135001
-0.0376529
-0.112143
-0.103556
-0.0710055
-0.153049
-0.0802644
0.0125925
0.022348
0.027713
0.0400227
0.010114
-0.0230979
-0.0669715
-0.0344908
-0.0445856
-0.118392
-0.0331813
0.0598378
0.0679838
0.0551084
0.014778
-0.0135887
-0.0131505
0.0167219
0.105035
0.117768
0.0346266
0.0173044
0.00747418
0.0154352
0.0387005
0.0326107
0.0276384
0.0268722
0.057021
0.117439
0.119168
0.0649658
0.0341851
0.000712321
0.0196944
0.0389673
0.046042
0.0475236
0.0756006
0.10038
0.124051
0.111097
0.0968225
0.0925745
0.0579971
0.0379008
0.0308307
0.0309678
0.0212381
0.0417788
0.0679107
0.0851873
0.0788057
0.0688174
0.0525005
0.0342279
0.0260669
0.0222169
-0.0328596
-0.0560628
-0.075413
-0.0792454
-0.0768752
-0.0721783
-0.0788131
-0.0671162
-0.0501496
-0.0414764
-0.0173219
-0.0105396
-0.0428068
-0.0445607
-0.0197158
-0.0205591
-0.0105447
-0.0291654
-0.0586263
-0.0243689
0.00604998
0.01127
-0.00743874
-0.0356926
-0.0366316
-0.0200881
-0.0244826
-0.0131102
-0.0283981
-0.0734212
-0.070484
0.0124106
0.0338004
0.0266456
0.0107179
0.0134576
0.00900746
0.0258224
0.0138743
-0.0628377
-0.0615492
-0.0830356
-0.0328175
0.0138435
0.0300413
0.0179347
0.0420523
0.0211928
0.0514414
0.0628635
-0.0539925
-0.033848
-0.0437849
-0.049251
-0.0104383
0.0228009
-2.23035e-05
-0.0245247
-0.0968143
-0.100202
-0.081278
-0.159507
-0.0910332
-0.00630349
0.00792404
0.0209995
0.0431795
0.0184857
-0.0112082
-0.0561852
-0.0367099
-0.0531958
-0.127126
-0.052803
0.0291927
0.0438207
0.0424072
0.0203331
-0.00444959
-0.00497674
0.0181728
0.0922336
0.0971424
0.0120982
-0.00885901
-0.0185707
-0.00491688
0.0311613
0.041266
0.0377176
0.0345855
0.060182
0.114805
0.111763
0.0489901
0.0106971
-0.0205431
0.00210112
0.0324644
0.0535577
0.0584915
0.0829425
0.105219
0.128065
0.11514
0.09134
0.0764024
0.0390078
0.0242593
0.0280135
0.0395777
0.037246
0.0554624
0.08217
0.101151
0.0944002
0.0750334
0.0546287
0.0367694
0.0293578
0.0303121
-0.0659902
-0.0752374
-0.0842318
-0.0948727
-0.0976007
-0.0891487
-0.0748976
-0.062974
-0.0468237
-0.0255052
-0.00945275
-0.0556753
-0.0663953
-0.0738648
-0.0719881
-0.0647299
-0.0558229
-0.0492414
-0.0435318
-0.0227247
0.000682374
0.0108417
-0.0644992
-0.0825147
-0.0911656
-0.0917929
-0.0916345
-0.0823498
-0.0692692
-0.0528907
-0.0184341
0.0170999
0.0192527
-0.0410813
-0.0591666
-0.0551582
-0.0646665
-0.0927881
-0.111292
-0.0939565
-0.0543129
-0.0115813
0.0213611
0.0233199
-0.0281995
-0.0417173
-0.023785
-0.0209163
-0.0563489
-0.0822331
-0.0692162
-0.0360518
0.00588492
0.0254551
0.0305943
-0.0205492
-0.0400632
-0.0477259
-0.055828
-0.0876473
-0.102864
-0.0828696
-0.0382225
0.0182415
0.042962
0.0390978
0.000592255
-0.0189402
-0.0299375
-0.019291
-0.0192161
-0.0213666
-0.000412019
0.0242955
0.0541286
0.0614444
0.0463041
-0.00616199
-0.0186683
-0.021695
0.0135777
0.054933
0.0688095
0.0720112
0.0639135
0.0657632
0.0694331
0.0560262
0.00422568
0.00907041
0.00784523
0.0292266
0.0551897
0.0585905
0.0535876
0.0556753
0.0796134
0.0788669
0.0660308
0.015182
0.026699
0.0378216
0.0524285
0.0680686
0.0763136
0.0745902
0.0831581
0.0870582
0.0694212
0.0578243
0.0222305
0.0287639
0.0367686
0.049255
0.0704041
0.0786447
0.0846276
0.0794406
0.069125
0.0656282
0.0702954
0.0185885
0.0193959
0.0198779
0.00870875
-0.00820214
-0.0169937
-0.0279916
-0.0404011
-0.0528486
-0.0486952
-0.0410786
0.02906
0.0374031
0.0519025
0.0617463
0.0564266
0.0472783
0.021089
-0.0143922
-0.0333024
-0.0330362
-0.0336735
0.0280702
0.0359458
0.0582258
0.0641367
0.048893
0.0328652
0.00669597
-0.0310222
-0.044086
-0.0298169
-0.0381336
0.0584827
0.070439
0.110748
0.115333
0.061785
0.0010738
-0.0339204
-0.0538453
-0.0575872
-0.0459436
-0.0505559
0.0713448
0.0906371
0.146692
0.171439
0.108189
0.0276672
-0.0237688
-0.059061
-0.0634374
-0.0604972
-0.0543797
0.0697858
0.0717601
0.0925171
0.0929627
0.0262651
-0.0426039
-0.0862056
-0.100167
-0.0732531
-0.054009
-0.0533662
0.0815772
0.0748529
0.0768005
0.0902667
0.0613665
0.0075304
-0.0341203
-0.0608634
-0.048845
-0.040991
-0.0495301
0.0535932
0.0457246
0.0450125
0.0862467
0.109316
0.0780578
0.0213584
-0.0396295
-0.0541346
-0.0433247
-0.0482147
0.0437393
0.0474662
0.0403555
0.0565683
0.061028
0.0235705
-0.0292045
-0.060946
-0.0437175
-0.0340669
-0.0380217
0.0386715
0.045639
0.0544321
0.0582055
0