-0.00219242
-0.0227154
-0.0444365
-0.0381577
-0.0182958
-0.00408371
0.00696211
0.00939398
0.010821
0.0134915
0.00987055
-0.00650307
-0.036725
-0.0562424
-0.0397852
-0.0143095
0.00233826
0.00830279
0.0169971
0.0171014
0.0185032
0.0112272
-0.0221566
-0.0621766
-0.0866546
-0.0648593
-0.0318334
-0.00454139
0.0204937
0.0209261
0.00429832
0.0112519
0.00336022
-0.0241038
-0.0573571
-0.0777203
-0.0523546
0.00383547
0.0501713
0.0599231
0.03315
0.00419774
0.00958449
0.00123085
-0.0103139
-0.0390996
-0.0522285
-0.00840318
0.0724301
0.112247
0.0857947
0.0368555
0.00527259
0.00467059
-0.00842489
0.000690455
-0.0234072
-0.0241679
0.0279742
0.0965478
0.0968522
0.0344376
-0.0126079
-0.029096
-0.0158016
-0.0231246
0.0225461
0.0158753
0.0348004
0.078661
0.0981823
0.0449295
-0.0443471
-0.0743412
-0.0657704
-0.037584
-0.0300524
0.0342529
0.0397728
0.0590529
0.0761469
0.0520933
-0.0132617
-0.0733172
-0.0796716
-0.0720597
-0.0511137
-0.0280465
0.0326791
0.0367547
0.043568
0.037525
0.0129921
-0.0192123
-0.047237
-0.0628796
-0.0819209
-0.0592697
-0.0231751
0.0256489
0.0308381
0.040409
0.0367816
0.0250826
0.0103632
-0.0106216
-0.0411251
-0.0580978
-0.0318317
-0.0116916
0.0185993
0.0228031
0.0275257
0.0274667
0.0208932
0.00626123
-0.0085684
-0.0203315
-0.0204561
-0.0094633
-0.00802574
0.000389173
-0.0227286
-0.0470067
-0.0399456
-0.0164021
0.000766386
0.00955008
0.00731682
0.0050835
0.00777673
0.00836028
-0.00428957
-0.0388825
-0.0610362
-0.0403478
-0.00871022
0.0134597
0.0218037
0.0247773
0.0162671
0.0170539
0.00901324
-0.0229051
-0.0701618
-0.0972519
-0.0661981
-0.0221149
0.017303
0.047843
0.0368554
0.00365858
0.00991774
0.003281
-0.0245531
-0.0626541
-0.0821217
-0.0410995
0.0354267
0.0952092
0.102259
0.0522717
0.00264725
0.00723549
-0.000484247
-0.00642662
-0.0390889
-0.0482721
0.020131
0.130824
0.179703
0.135269
0.0558122
0.0016988
0.000783663
-0.011773
0.00583967
-0.0212732
-0.0139029
0.0664192
0.158456
0.151577
0.0617363
-0.0128893
-0.0411481
-0.0253634
-0.0293035
0.0337507
0.0298397
0.0616911
0.126046
0.149568
0.0690238
-0.055098
-0.100673
-0.0901814
-0.0510312
-0.0403603
0.0487081
0.0588244
0.0867537
0.112234
0.0781435
-0.0161356
-0.101302
-0.112402
-0.10212
-0.0729669
-0.0435109
0.0438296
0.047421
0.0565568
0.0512338
0.0165626
-0.031316
-0.0692011
-0.0892414
-0.113503
-0.084818
-0.0397365
0.0316632
0.0361024
0.0473813
0.0438993
0.0270771
0.00442516
-0.0223683
-0.0607546
-0.0821731
-0.0498854
-0.023994
0.0195697
0.0244841
0.0300748
0.0291324
0.0202082
0.00217143
-0.0170067
-0.0316889
-0.036439
-0.0219343
-0.019594
-0.00463283
-0.0306796
-0.0606822
-0.0562182
-0.034169
-0.0139648
-0.00086156
0.00107029
0.00332285
0.0132461
0.0185306
-0.0151931
-0.0543523
-0.0842131
-0.068953
-0.0344531
-0.00681601
0.00920155
0.0179799
0.0168234
0.0239861
0.0232262
-0.0377185
-0.0932814
-0.130348
-0.104352
-0.0537222
-0.00804738
0.0312036
0.032838
0.00790968
0.0210882
0.0218677
-0.0438275
-0.0922725
-0.1224
-0.0845958
-0.0041873
0.0634348
0.0841113
0.052425
0.0127121
0.0228355
0.0215046
-0.0284384
-0.0697428
-0.0880769
-0.0225626
0.0886372
0.144796
0.118307
0.0584499
0.0168692
0.0220576
0.0126652
-0.0130488
-0.0473514
-0.0479826
0.0298907
0.123681
0.126661
0.0551564
-0.0022881
-0.0220504
-0.00038398
-0.00479522
0.0166623
0.00638774
0.0325481
0.0967334
0.12515
0.0590131
-0.0489613
-0.0833282
-0.0678378
-0.023781
-0.0148429
0.0355041
0.0417241
0.0687456
0.0958299
0.0686862
-0.0126073
-0.0873192
-0.092589
-0.0761161
-0.0423981
-0.0155601
0.0350644
0.0384129
0.0494424
0.0493875
0.019466
-0.0229598
-0.0578219
-0.0707686
-0.0855258
-0.0525905
-0.0112304
0.0273478
0.0322315
0.0453923
0.0477874
0.0336919
0.0118323
-0.0120006
-0.0425935
-0.0560558
-0.0214995
0.00278237
0.0205628
0.0245661
0.0332088
0.0371367
0.028194
0.00942188
-0.00608826
-0.0155417
-0.0159459
-0.000345262
0.00459819
0.00390088
-0.00861703
-0.0148015
-0.00600884
0.00207054
-0.00735241
-0.0116102
-0.0186461
-0.012794
0.0132239
0.016627
0.020302
0.0132197
0.0109455
0.0149198
0.0195616
0.00196056
-0.0143622
-0.0199415
-0.0174856
0.00680255
0.0238215
0.0186306
0.00273153
-0.0143263
-0.00744239
-0.00558805
-0.0306647
-0.0615658
-0.063749
-0.0441237
-0.0124132
0.000537937
0.0203264
-0.000442709
-0.028809
-0.0148534
-0.00569533
-0.0353991
-0.0861566
-0.109471
-0.0791834
-0.0194206
0.00148862
0.0172212
0.00342479
-0.019306
0.0100255
0.0668134
0.0485621
-0.0255904
-0.0893496
-0.0937976
-0.0240253
0.0132858
0.00518816
-0.0106067
-0.0270215
0.00518559
0.0959473
0.108062
0.0359545
-0.0446355
-0.0955588
-0.0497447
-0.00503762
0.0101431
0.00220735
-0.00100011
0.0159308
0.094962
0.138757
0.103649
0.0371021
-0.0368498
-0.0363395
-0.0114906
-0.000246616
-0.010396
-0.00222622
0.00345618
0.0441483
0.0930783
0.101049
0.0848345
0.0322099
0.0151269
0.00945518
-0.0151513
-0.0400336
-0.0409007
-0.037463
-0.0271512
-0.00234472
0.0167643
0.03917
0.0266781
0.0188854
0.0125594
-0.0128607
-0.0308393
-0.0398109
-0.0340545
-0.0300857
-0.0247155
-0.0149833
-0.000550449
0.000563428
0.00732111
0.00568936
-0.000490827
-0.00968625
-0.0124334
-0.00642537
0.00152717
0.000764622
-0.00159417
-0.00294919
-0.00773995
-0.00262953
-0.00136618
-0.00511636
-0.0189972
-0.0259336
-0.0155108
-0.00565809
-0.0148737
-0.0216242
-0.031186
-0.0262543
0.00446227
0.0102055
0.0127515
0.00578706
0.00484883
0.0131558
0.0209856
0.000914892
-0.0214323
-0.0312356
-0.0314141
-0.0048095
0.0171632
0.0108984
-0.00947766
-0.0273743
-0.0153557
-0.011081
-0.0414004
-0.0829821
-0.0892239
-0.0640499
-0.0252318
-0.00819285
0.0158309
-0.0107307
-0.0447834
-0.0232006
-0.00639828
-0.0432151
-0.111645
-0.146658
-0.10791
-0.0299933
-0.00513739
0.0139933
-0.00289021
-0.0304462
0.0190499
0.101196
0.0804533
-0.0163142
-0.106523
-0.120438
-0.033743
0.0108031
0.000412423
-0.018652
-0.0353153
0.0230889
0.150868
0.174957
0.0828386
-0.0325728
-0.109743
-0.0584965
-0.00652803
0.00780854
0.00099586
0.00242041
0.0390714
0.154336
0.220312
0.177157
0.0833288
-0.0251371
-0.0356809
-0.0114285
-0.00137366
-0.011548
0.00550395
0.0238809
0.0892058
0.159508
0.171233
0.148177
0.0673931
0.0329239
0.0194628
-0.0190806
-0.0499984
-0.0486216
-0.0357058
-0.0150372
0.0213136
0.0508449
0.0788139
0.0569237
0.0392736
0.0261816
-0.0124852
-0.0387173
-0.0502473
-0.0406568
-0.0307818
-0.0199819
-0.00426304
0.0154783
0.0140262
0.0217043
0.0185008
0.00222647
-0.0121325
-0.0158221
-0.00594755
0.00603923
0.00699687
0.00566491
0.00329536
-0.00390066
0.00394793
0.00737203
0.0102363
-0.00296128
-0.00894488
-0.000324649
0.00908028
-0.00115198
-0.0109938
-0.0190147
-0.0131229
0.0199174
0.0270355
0.0282623
0.0211723
0.0195029
0.0240407
0.0288692
0.00346004
-0.0219836
-0.0293539
-0.0247538
0.00607965
0.0294067
0.0274601
0.00866436
-0.0107082
-0.00552912
-0.00777793
-0.0461047
-0.0900526
-0.0952371
-0.065705
-0.0224556
-0.00235922
0.0282212
0.00547125
-0.0279453
-0.014902
-0.0107635
-0.0559571
-0.125092
-0.155959
-0.115336
-0.0352946
-0.00541927
0.0246362
0.00935001
-0.017744
0.0200895
0.0824226
0.0514472
-0.0444179
-0.125105
-0.13214
-0.0421026
0.00798268
0.00987281
-0.009208
-0.0256674
0.0210527
0.127187
0.138304
0.046576
-0.061822
-0.128647
-0.071512
-0.0127868
0.0155922
0.00669366
0.0047547
0.0342017
0.134297
0.184923
0.136813
0.0453647
-0.0526837
-0.0534243
-0.0204305
0.00682744
-0.00714628
0.00254019
0.0171533
0.0754043
0.133808
0.136257
0.110481
0.0367243
0.010744
0.00783371
-0.0106411
-0.0447912
-0.0497306
-0.0414003
-0.0239525
0.0072301
0.0308603
0.0518607
0.0303167
0.020315
0.0158109
-0.00449712
-0.0332553
-0.0498048
-0.0448896
-0.037099
-0.0272581
-0.015018
0.00140907
-0.00151806
0.00922844
0.012645
0.0113856
-0.00616126
-0.0145401
-0.00831513
0.00215958
0.00367174
0.000982823
-0.00204925
-0.00974657
-0.000170764
0.00898732
-0.016658
-0.0173044
-0.0103153
-0.00446469
0.000845045
0.00374272
0.00339209
0.00628907
0.00916133
0.00227141
0.00880879
-0.0141897
-0.00962406
-0.00280516
0.00757177
0.0138632
0.0136893
0.0127547
0.0107727
0.0140898
0.0117306
0.0139543
-0.0228299
-0.0244894
-0.0263045
-0.0225186
-0.0195331
-0.0136877
-0.0113004
-0.00509925
0.00586239
0.0145523
0.0185796
-0.0148487
-0.0185371
-0.0170771
-0.0201071
-0.0140192
-0.00823732
-0.00430238
0.0118856
0.0193863
0.0197609
0.0263079
-0.012775
-0.0129879
-0.00482487
-0.00225412
0.00900147
0.0246948
0.0326399
0.049331
0.0456634
0.0322948
0.0287183
-0.0201557
-0.0234354
-0.0205132
-0.0257655
-0.0265112
-0.0161203
-0.00320915
0.0248437
0.0398979
0.0299279
0.0232625
-0.00802897
0.000864911
0.00934427
0.000645908
-0.0144094
-0.0288993
-0.0313701
-0.00717723
0.0150098
0.0171445
0.0214685
-0.00591024
0.00227442
0.00458016
0.001243
-0.00690057
-0.0201074
-0.0273891
-0.0142348
-0.00245718
0.00971885
0.0203251
-0.00643842
-0.00288963
-0.00761013
-0.0212631
-0.0242157
-0.0295799
-0.0230771
-0.0108175
-0.00599838
0.00648434
0.0100448
-0.00233259
0.00518895
0.0105607
0.00636293
0.00482464
0.00205945
0.0042789
0.00831337
0.00992617
0.0139633
0.00936756
0.00426552
0.00863509
0.00787685
0.0104291
0.00931326
0.00903986
0.00984188
0.0104269
0.0173217
0.0166063
0.0111844
-0.0595886
-0.0707403
-0.0743538
-0.0746945
-0.065504
-0.0521839
-0.0365538
-0.0191577
-0.0099098
-0.0159757
-0.00973609
-0.0638708
-0.072536
-0.0795802
-0.0742969
-0.0630696
-0.0442206
-0.0262109
-0.0127944
-0.00269596
-0.00269188
-0.000915455
-0.0786091
-0.100043
-0.121874
-0.124837
-0.112339
-0.08047
-0.0487819
-0.0254535
-0.00896531
0.00337146
0.0109126
-0.0704038
-0.0931082
-0.109117
-0.116869
-0.095381
-0.0577328
-0.0229968
0.0122217
0.0246903
0.0219838
0.028571
-0.0664737
-0.0798208
-0.0806387
-0.0726993
-0.0364191
0.0167613
0.0564585
0.0927933
0.0877407
0.0575133
0.0436416
-0.0648289
-0.081489
-0.0849639
-0.077705
-0.0526482
-0.00429516
0.0447621
0.0924106
0.102282
0.0755909
0.0523718
-0.0364932
-0.0345786
-0.0234039
-0.0137992
-0.00588871
0.0101563
0.0367074
0.0727453
0.0913836
0.0784761
0.069399
-0.0241697
-0.0194425
-0.00779695
0.00939244
0.0249616
0.0376009
0.0513524
0.0737084
0.0780543
0.0807416
0.0798322
-0.0223229
-0.0199503
-0.0208519
-0.0167429
0.0025339
0.0185485
0.0470745
0.0702834
0.0742113
0.0844205
0.0715257
-0.0125559
-0.00451905
0.00587922
0.0172463
0.0320934
0.0475888
0.0711758
0.0852797
0.088848
0.0901132
0.0673351
-0.00253123
0.00263374
0.00835516
0.0204344
0.0324243
0.0469263
0.0632731
0.0742284
0.0851932
0.0777107
0.0574895
0.0749809
0.0745239
0.0743253
0.0707288
0.0628271
0.0552722
0.04585
0.0346534
0.0191262
-0.00516483
-0.015012
0.0782349
0.0890092
0.0922863
0.0953823
0.0842776
0.0714037
0.0536585
0.0297288
0.00895806
-0.0122054
-0.0239604
0.0700793
0.0790746
0.0747358
0.0686876
0.0503453
0.0396439
0.0250582
-0.00156147
-0.0238298
-0.0302938
-0.0330453
0.073414
0.0847953
0.0903461
0.076953
0.0607149
0.0474718
0.0218639
-0.000691757
-0.0240842
-0.0422828
-0.0421063
0.065231
0.0823987
0.100823
0.0980096
0.0891255
0.0815994
0.0540659
0.0319128
-0.00550242
-0.0423355
-0.0503509
0.0523695
0.0623725
0.0718461
0.0613907
0.0374878
0.0194545
-0.0038231
-0.0153654
-0.0365533
-0.0619073
-0.0651296
0.0600961
0.0768803
0.0913283
0.0776096
0.0346525
-0.0162785
-0.0605458
-0.0830322
-0.0922379
-0.0913573
-0.0676017
0.0468583
0.0533331
0.0574696
0.0469315
0.0142832
-0.0388479
-0.0928181
-0.124244
-0.137122
-0.111246
-0.0698746
0.0237708
0.0207248
0.00628034
-0.0196765
-0.04675
-0.0860134
-0.120039
-0.145212
-0.150761
-0.109437
-0.0753309
0.0140931
0.0116497
0.00619712
-0.012419
-0.0384901
-0.0669301
-0.0944164
-0.112875
-0.110527
-0.0798402
-0.0658758
0.0048837
-0.00144967
-0.00990613
-0.0230542
-0.0434064
-0.0622145
-0.0749894
-0.083599
-0.0735734
-0.0617677
-0.0598843
-0.00543567
-0.0079304
-0.0171688
-0.00641448
0.0116805
0.00818198
-0.00842506
-0.0233145
-0.0250711
-0.00451459
0.00393616
-0.0147996
-0.0450117
-0.0593896
-0.0516858
-0.0504224
-0.0478994
-0.033486
-0.0209325
-0.0218917
-0.00896971
0.00643136
0.0133227
0.00637097
0.0316639
0.0607977
0.0628418
0.0743498
0.0845869
0.0637568
0.0368586
0.0290851
0.0243411
-0.0113172
-0.0128444
-0.0180744
0.0124171
0.0578021
0.0922207
0.0797053
0.0339643
0.0201451
0.0332735
0.0143518
-0.00230608
-0.0255527
-0.065112
-0.0719282
-0.0442431
-0.0524519
-0.102526
-0.121701
-0.0795644
-0.0116785
0.00475445
0.0290608
0.0274464
0.0273692
0.0541606
0.111041
0.0777628
-0.0232341
-0.0752022
-0.060841
-0.00283954
0.0177783
-0.0300612
-0.0493106
-0.0636523
-0.0422763
0.0211334
0.019345
-0.0286233
-0.0160194
0.00414949
0.0173956
0.00440147
-0.00979311
-0.0207901
-0.0233056
-0.0378704
-0.0438265
-0.0530909
-0.0359806
0.0291593
0.0377794
0.00747254
-0.0075072
0.0169624
0.0184838
0.046144
0.0698604
0.0698376
0.0685161
0.0788985
0.0741525
0.0290583
0.0162978
0.0257838
0.00700456
-0.00665567
-0.0145285
-0.00727396
0.000428475
0.00522985
0.0100759
-0.0102119
-0.022422
0.00895249
0.0188968
-0.00785614
-0.00130887
0.000921072
-0.00170495
0.00603154
0.0119531
0.00302486
-0.00248084
-0.000537633
0.00597141
0.00293578
-0.00289999
-0.00919387
-0.0215975
-0.0101626
0.00826232
0.00794868
-0.00632349
-0.0236366
-0.028124
-0.0082956
0.0040372
-0.0151753
-0.0595041
-0.0836377
-0.0832306
-0.0885232
-0.0828303
-0.0536221
-0.0336433
-0.0371193
-0.0167906
0.00803683
0.0187846
0.00633807
0.0325686
0.0622124
0.0674307
0.0888018
0.108716
0.0800158
0.0412908
0.0327434
0.0299515
-0.0153697
-0.026136
-0.0346931
0.00778678
0.0709549
0.122659
0.107638
0.0416893
0.0171986
0.0375888
0.0196962
-0.00556053
-0.0456867
-0.104682
-0.115536
-0.0778477
-0.087455
-0.155632
-0.18686
-0.125763
-0.0260443
0.00660312
0.0351859
0.0307095
0.0235217
0.0580133
0.128487
0.075388
-0.0640676
-0.13395
-0.106063
-0.0202372
0.020182
-0.0420447
-0.0694799
-0.0908189
-0.0614742
0.0201387
0.00986755
-0.0596846
-0.0422575
-0.0147195
0.00917819
6.82774e-05
-0.0161782
-0.0364764
-0.0446501
-0.0662444
-0.0735349
-0.0860728
-0.0607259
0.0319628
0.0477789
0.0107081
-0.010229
0.0262276
0.0267115
0.0649363
0.0958429
0.0927808
0.090914
0.105665
0.104024
0.0462081
0.028069
0.0378285
0.0159497
-0.00174178
-0.00824392
0.00599028
0.015313
0.0185972
0.0209376
-0.000460032
-0.0196064
0.0197386
0.0323769
-0.00357687
0.000517435
0.000929222
-0.00349131
0.00459881
0.00683595
-0.000138529
-0.00497036
0.000671302
0.0132336
0.0102673
0.0197875
0.0182121
0.00702637
0.0175585
0.0296661
0.0248203
0.00574131
-0.0192923
-0.0307113
-0.0154916
-0.0101499
0.0145275
-0.0198671
-0.0416882
-0.0419956
-0.0472827
-0.0451252
-0.0274086
-0.0199891
-0.0345321
-0.0219124
-0.00480853
0.0492834
0.0470274
0.0735201
0.102852
0.107001
0.120941
0.12861
0.0905053
0.0393539
0.0200256
0.015234
0.0192513
0.0196125
0.0186485
0.0605185
0.114773
0.153479
0.129233
0.0517392
0.00943248
0.0171877
-0.0024845
0.0222041
-0.00436194
-0.0459222
-0.0513107
-0.0233607
-0.0392872
-0.111449
-0.159971
-0.125791
-0.0457512
-0.0173806
0.0553612
0.056625
0.0577537
0.0914148
0.154947
0.0999664
-0.0419801
-0.12577
-0.119672
-0.048065
-0.00823403
-0.0179463
-0.0398733
-0.0569272
-0.0281087
0.0450029
0.0257817
-0.0554761
-0.0629283
-0.0508838
-0.0274785
-0.0288683
0.00208919
-0.0129626
-0.0175011
-0.0354579
-0.0473088
-0.0721142
-0.0714922
-0.0104424
-0.00457034
-0.032175
-0.04215
0.0325673
0.0336977
0.0704053
0.097448
0.0901801
0.0721661
0.065106
0.0500209
-0.00751483
-0.0168217
0.00124144
0.0176509
-0.00195408
-0.00659356
0.00276832
0.00369314
-0.00481412
-0.0169538
-0.0438298
-0.0610884
-0.0176832
-0.00082214
-0.0060091
-0.00862866
-0.00717831
-0.0107204
-0.00950414
-0.0138088
-0.0293128
-0.0418642
-0.0381649
-0.0232957
-0.0231267
0.0118906
0.00615677
0.00535967
0.0175489
0.02243
0.0151147
-0.00594697
-0.0135969
-0.00756209
-0.00364909
-0.00345173
0.0197371
0.00715785
0.0108646
0.0270938
0.0184101
-0.00369126
-0.0244877
-0.0289243
-0.0123909
-6.73494e-05
0.000811231
0.0154513
0.00205873
0.0023824
0.0159837
0.00149037
-0.00555474
-0.0156851
-0.0434327
-0.0490579
-0.00805326
0.0174328
0.0283632
0.0310445
0.0233731
0.0374366
0.0786169
0.0945996
0.0367154
-0.0243852
-0.049004
-0.0108427
0.0171422
0.0124236
0.00922714
-0.0101698
0.00920967
0.105942
0.153442
0.0795815
0.0156727
-0.0126541
-0.000726424
0.0120729
-0.0280338
-0.0522667
-0.0862525
-0.0874762
-0.00205812
0.0505044
-9.92503e-05
-0.00859949
0.00550929
0.027324
0.026456
-0.0342079
-0.0540791
-0.0733172
-0.0846401
-0.0384179
-0.0294542
-0.0685177
-0.019895
0.0233523
0.0385835
0.0257309
-0.0479587
-0.0636401
-0.0639776
-0.0705088
-0.0605687
-0.0561546
-0.0502723
0.00412227
0.00995608
-0.00282779
0.00170831
-0.0318071
-0.0570417
-0.0608751
-0.0570392
-0.0495279
-0.0173186
0.0179192
0.0347064
-0.00856947
-0.0131759
0.00762728
-0.0110639
-0.0234559
-0.020461
-0.0101809
0.0059638
0.0369814
0.0613253
0.0577637
0.0315534
0.0318574
0.0271153
-0.0119964
-0.0244782
-0.0311058
-0.0314946
-0.0222056
-0.00834803
0.00621455
0.0214204
0.0356572
0.0374061
0.025436
0.0300359
0.0262406
0.0342559
0.0573951
0.0637408
0.0500693
0.0220855
0.0078119
0.00362473
0.00345951
0.00488952
0.04212
0.0345462
0.0530586
0.0844504
0.0751754
0.0466002
0.0175959
-0.00275641
0.00124531
0.0104899
0.0135702
0.0359942
0.02903
0.0482203
0.0800109
0.0684219
0.0606817
0.0378035
-0.0164685
-0.0438639
0.000245914
0.0324834
0.0487532
0.0610143
0.0684365
0.107628
0.17775
0.201454
0.113559
0.00994156
-0.0439566
-0.00619525
0.0278616
0.0250173
0.0287426
0.0185722
0.0675345
0.211263
0.277508
0.168915
0.0632903
0.00527971
0.00660927
0.0166013
-0.0309281
-0.0556961
-0.0932068
-0.0787771
0.0482067
0.116994
0.0421988
0.0168105
0.0244296
0.0378689
0.0314957
-0.0431533
-0.0617765
-0.0849761
-0.0966388
-0.0334023
-0.0229201
-0.0796952
-0.024984
0.0318001
0.0447909
0.025111
-0.0670104
-0.0815887
-0.0810471
-0.0881456
-0.0791293
-0.0794876
-0.0790158
-0.0136423
-0.00629174
-0.0258622
-0.017473
-0.0558333
-0.0885263
-0.09212
-0.085119
-0.076001
-0.0435411
-0.00249137
0.0143265
-0.0451964
-0.0558487
-0.0220969
-0.0318219
-0.050774
-0.0459953
-0.0286699
-0.00914221
0.0234631
0.0494619
0.0382697
-0.00194067
-0.00250938
-0.000131948
-0.0354554
-0.0494385
-0.0562055
-0.0550816
-0.0445727
-0.0344685
-0.0225559
-0.00697563
0.00543558
0.00711685
-0.00355609
0.0363389
0.0269539
0.0249929
0.0356685
0.0353303
0.0203393
-0.0081278
-0.0205061
-0.0174505
-0.0100889
-0.00420643
0.0465672
0.0319381
0.0366997
0.0515635
0.0322946
0.00126248
-0.0268414
-0.0454075
-0.0300988
-0.00936689
0.000256241
0.043217
0.0269989
0.0293553
0.0423129
0.0169585
-0.000648122
-0.0223623
-0.0670124
-0.0775728
-0.0230946
0.0132983
0.056448
0.0584701
0.0522793
0.0700095
0.112004
0.117604
0.0373246
-0.0466375
-0.0816748
-0.0336383
0.00718089
0.038348
0.0346762
0.0128353
0.0408802
0.149419
0.191724
0.091484
0.00267315
-0.040483
-0.025926
-0.00523594
-0.0115099
-0.0442732
-0.0885866
-0.0881768
0.014035
0.0669368
-0.00395737
-0.027957
-0.0174719
0.00677823
0.00916393
-0.0240289
-0.0514016
-0.0795291
-0.0980137
-0.0452132
-0.0380185
-0.0931738
-0.0477991
0.0020321
0.0217946
0.00780942
-0.0458807
-0.0672854
-0.0712809
-0.0861555
-0.0750647
-0.0722472
-0.0741262
-0.0201799
-0.015219
-0.0290703
-0.0218187
-0.0312922
-0.0672871
-0.0767437
-0.0743777
-0.0614288
-0.0268007
0.00870959
0.0221405
-0.0325649
-0.0429145
-0.0150394
-0.00653794
-0.0304977
-0.0308526
-0.0156425
0.0061468
0.0393278
0.0648526
0.0537978
0.0157976
0.0117029
0.00940969
-0.00663022
-0.027304
-0.0397457
-0.0392162
-0.0254624
-0.0171811
-0.00383368
0.0102293
0.0218537
0.01958
0.00471789
-0.00858008
-0.0018222
-0.00218912
0.00842581
0.0144744
0.0148851
0.00178884
-0.0124667
-0.00829762
-0.0104678
-0.0148548
-0.00173626
0.00372733
0.0369256
0.0698343
0.0375685
0.000723095
-0.000749006
0.0121574
0.0146243
-0.00585695
-0.0100525
-0.0188628
0.00316478
0.0340646
0.012771
-0.0623045
-0.0466976
0.0148225
0.00794346
-0.0148765
-0.0142014
-0.00550109
-0.00607229
0.0326614
0.0318607
-0.0383962
-0.0830312
-0.00953007
0.006301
-0.0354338
-0.0235431
0.00279073
0.007305
0.0146329
0.0141784
0.00473974
-0.0202592
-8.51174e-05
0.0714333
0.0181125
-0.021059
0.0328727
0.0385263
0.0271975
-0.00497376
-0.0367853
-0.0295863
0.000406024
0.0404901
0.0504975
-0.0474653
-0.0514156
0.0499252
0.0595001
0.0294641
-0.00489159
-0.00679382
0.0352121
0.107241
0.106972
0.00419008
-0.0919776
-0.0178911
0.116411
0.0886782
0.0138006
-0.0105505
0.00585788
0.036136
0.0686648
0.0264001
-0.0529837
-0.0193827
0.113207
0.156345
0.0414511
0.0066755
-0.00943358
0.000174806
-0.0124262
-0.0368154
-0.0597426
-0.0378382
0.0596259
0.109515
0.0437451
-0.0103809
0.0251059
-0.013393
-0.00656805
0.00261659
-0.0105332
-0.00675796
0.0215258
0.0498768
0.0074229
-0.014569
0.0197741
0.0292314
-0.0048733
0.00493215
-0.0051903
-0.0136518
0.00230454
0.0153004
0.00756952
-0.011734
0.0197647
0.0207048
0.00291303
0.0247136
0.0224345
0.0130579
0.0154108
0.00825996
0.00639794
-0.0050156
-0.0136994
-6.97924e-05
0.000799905
0.00265063
0.024599
0.0222842
0.0508419
0.0649441
0.00947836
-0.0291055
-0.0185379
0.00482683
0.0127909
-0.00548772
0.00121857
-0.000935223
0.0114301
0.0255881
-0.0394562
-0.148899
-0.113009
-0.0242121
-0.0249369
-0.0483684
-0.0331309
-0.00279765
0.0119983
0.0352251
0.00456555
-0.119625
-0.19066
-0.0886247
-0.0672804
-0.117164
-0.0873152
-0.0275185
0.00433233
0.0302712
0.00926185
-0.0259093
-0.0835283
-0.0759103
0.00425306
-0.082697
-0.132964
-0.0365376
0.00721184
0.0201668
0.000644955
-0.0570224
-0.0616378
-0.0446173
-0.0245074
-0.0447839
-0.193689
-0.193276
-0.0208967
0.0307563
0.0231496
0.00909322
-0.00506962
0.0365403
0.100463
0.0587955
-0.116056
-0.264481
-0.15263
0.0671366
0.0720874
0.00184227
0.0104695
0.0223605
0.0450621
0.0590983
-0.0295315
-0.166907
-0.141349
0.0446313
0.134335
0.0166447
-0.0158303
0.0122354
0.0107444
-0.0184285
-0.0684916
-0.123453
-0.115339
0.00240717
0.0746405
0.00494606
-0.0484628
0.00962922
0.0058956
0.0048296
0.00706791
-0.0178206
-0.0309193
-0.00523258
0.020782
-0.0311775
-0.0542753
0.00210597
0.0315994
0.0203689
0.0267056
0.0146062
-0.00399037
0.00278137
0.00888742
-0.00702649
-0.0304227
0.00810306
0.0236114
0.0108181
-0.00669188
0.00163573
-0.000480418
0.00588186
0.0104962
0.0119822
0.00273306
-0.00744985
-0.00585997
-0.0121987
-0.0194858
-0.000482704
0.00691379
0.0406689
0.0670192
0.0332757
0.00603265
0.0184277
0.0313948
0.0252217
-0.009247
-0.0174935
-0.0214237
-0.00029899
0.0283224
-0.0068323
-0.082838
-0.0373688
0.0479514
0.0344399
-0.0102559
-0.0212015
-0.0140299
-0.00512189
0.0271483
0.0224042
-0.0613424
-0.0970851
0.0171771
0.0468007
-0.0137012
-0.0238025
-0.00452772
0.000452163
0.0152137
0.0121318
-0.000844578
-0.0231105
0.0191359
0.124348
0.0599031
-0.00725188
0.0374223
0.0380605
0.020032
-0.0120669
-0.0467376
-0.0300436
0.0155744
0.0721019
0.0882108
-0.0359573
-0.060121
0.0518505
0.0635322
0.0301296
-0.00862106
-0.00655765
0.0564313
0.147977
0.147328
0.0162629
-0.118543
-0.0405861
0.125206
0.0989225
0.0122355
-0.0153101
0.00990541
0.0544323
0.0978488
0.0456474
-0.0625517
-0.0423221
0.107761
0.170169
0.0432527
-0.00459033
-0.0185901
-0.00623211
-0.0149284
-0.0373327
-0.0685061
-0.053755
0.0495582
0.107244
0.041467
-0.0198306
0.0149049
-0.0281588
-0.0195585
-0.00422628
-0.0103345
-0.0112392
0.0142352
0.0373147
-0.00739578
-0.0259365
0.0154808
0.0237865
-0.0200217
-0.00695759
-0.0106552
-0.0158845
-0.00481176
0.00293501
-0.0105657
-0.0296214
0.00600773
0.0141643
-0.00854347
-0.010983
-0.0136631
-0.00506272
-0.00344145
0.00407688
-0.00559307
-0.00822077
-0.0127517
-0.0201522
-0.0135322
-0.0126868
-0.000844354
0.000248268
-0.0022776
0.00367116
0.0236207
0.0293475
0.00759222
-0.0153516
-0.0156136
0.00314892
-0.00303819
0.00874982
-0.00394162
-0.0138437
0.0244266
0.0654521
0.0371394
-0.0122527
-0.0233387
-0.00359878
0.0151354
0.00157131
0.0142625
0.00642934
0.0122817
0.0730283
0.108269
0.0409479
0.00159305
0.0114507
0.0174234
0.0149182
3.81309e-06
0.00446281
0.0198221
0.039544
0.0867532
0.104896
0.0531913
0.0535156
0.0552281
0.0164941
0.00929131
-0.00454194
0.00150474
0.0226336
0.0204037
0.020401
0.038043
0.043024
0.0819568
0.0784043
0.00939905
-0.000799404
-0.00573336
0.00869346
0.0212431
0.00633991
-0.0244559
0.00594194
0.074983
0.121825
0.0778351
-0.0148874
-0.0166151
-0.00523468
0.00272035
7.24593e-05
-0.00211792
-0.00720197
0.0386977
0.105645
0.0966957
0.0156954
-0.0399733
-0.00210243
-0.00425441
-0.00046861
-0.00979723
-0.00165959
0.0204488
0.0495699
0.0614124
0.0239671
-0.00874714
0.00327352
0.017531
-0.00914522
0.00666615
0.00355664
0.00233628
0.0199076
0.032804
0.0310532
0.0228944
0.0350526
0.0293578
0.00406881
-0.00671169
-0.000636658
-0.00572846
-0.00257774
0.00612774
0.00907983
0.0100218
0.0170718
0.0238862
0.000942682
-0.00196345
0.0100018
0.0348078
0.0178055
0.00209441
-0.0112707
-0.014122
-0.0250193
-0.021423
-0.018856
-0.0162612
0.00495755
0.0195954
0.0352828
0.0158029
-0.0195143
-0.0408955
-0.0297182
-0.0263572
-0.0392469
-0.0541404
-0.041114
-0.00147253
0.0163548
0.0374412
-0.0101942
-0.0564723
-0.0454359
-0.016565
-0.0610548
-0.112997
-0.106458
-0.0617641
-0.0117334
0.00797964
0.0357327
-0.0133086
-0.0493597
-0.0147107
-0.00327835
-0.0978505
-0.136168
-0.104655
-0.0728612
-0.0334664
-0.00475749
0.0189555
-0.00140286
-0.0309095
-0.0215895
-0.036363
-0.117532
-0.104771
-0.0808539
-0.102877
-0.0567641
-0.0180023
0.0185186
0.00565096
-0.0580684
-0.115584
-0.133799
-0.151833
-0.093916
-0.0737954
-0.126635
-0.076224
-0.0245921
0.0312919
0.00746936
-0.0663054
-0.160716
-0.164867
-0.104181
-0.0450825
-0.0786919
-0.155787
-0.0935305
-0.0160533
0.0280704
-0.00972868
-0.0479669
-0.1004
-0.0850109
-0.0305703
-0.0525547
-0.139955
-0.165602
-0.0599037
-0.00507145
0.0288444
-0.0047978
-0.0162133
-0.0197674
-0.0181763
-0.0341552
-0.0993348
-0.125699
-0.0760071
-0.00768276
-0.00550259
0.0480728
0.0271297
0.00915211
0.0112968
0.00563914
-0.0181502
-0.0375419
-0.00999904
0.00836201
0.00263388
0.00410548
0.0499768
0.0297615
0.0232831
0.0232229
0.0143006
0.00463225
0.00572071
0.020817
0.00529821
0.0102314
0.0306073
-0.0127195
-0.0100016
-0.00637444
0.000818944
0.012752
0.0183988
0.0271074
0.0170078
-0.00423912
-0.00547605
-0.00575925
-0.0079835
-0.00186296
-0.0129958
-0.00287561
0.0392385
0.0702235
0.06404
0.0291382
0.00268944
0.00586097
0.00282145
-0.00590042
-0.0171204
-0.0286069
0.0265156
0.10347
0.104382
0.0669324
0.036913
0.0184421
0.0179818
0.00941605
-0.0021942
-0.014164
-0.00548156
0.08868
0.171545
0.134903
0.102235
0.0790994
0.0387692
0.0210744
0.0122989
-0.013013
0.00218694
0.0230555
0.106407
0.176224
0.149348
0.150133
0.119274
0.0302178
0.0147199
0.00770051
-0.0139691
0.00931305
0.00430841
0.0290705
0.0858324
0.107254
0.148851
0.122232
0.0132914
0.00325992
0.00807982
-0.00804941
0.00224477
-0.0168434
-0.0345704
0.021318
0.105385
0.150161
0.0892394
-0.0236586
-0.0137281
0.0137848
-0.0242375
-0.033467
-0.0319201
-0.0243479
0.0340957
0.104542
0.0831197
-0.0106134
-0.0634001
-0.00091488
0.00797405
-0.0360968
-0.0484459
-0.0306039
0.00498627
0.0361918
0.0362227
-0.0181152
-0.0470264
-0.0219568
0.0155808
-0.0136347
-0.0282874
-0.0334229
-0.029448
-0.00459001
0.00775374
-0.00482592
-0.015688
0.00936989
0.0134199
-0.00468562
-0.0261834
-0.041355
-0.0477352
-0.0415843
-0.0272501
-0.0287494
-0.0329359
-0.0252366
-0.00963517
-0.0301039
-0.0317958
-0.0304254
-0.0451773
-0.042399
-0.044874
-0.0383321
-0.0301216
-0.0218086
-0.0109707
-0.0076477
-0.00665799
-0.00485012
0.0105408
-0.0499691
-0.0486129
-0.0494484
-0.0424963
-0.0221824
-0.00493668
0.00132685
0.00343399
0.00370652
0.00758486
0.0205343
-0.0566398
-0.0560396
-0.0643922
-0.051272
-0.0187834
-0.00331888
0.000568482
0.0108543
0.0232515
0.0285119
0.034098
-0.0570797
-0.0583757
-0.0612797
-0.0398723
-0.0179654
-0.0104021
0.00804563
0.0304413
0.0402646
0.0403064
0.0438457
-0.0557183
-0.0535538
-0.0509944
-0.0345924
-0.0166393
-6.34298e-06
0.0352811
0.0563545
0.0550664
0.0509878
0.0495084
-0.0486795
-0.0493367
-0.0543955
-0.0489606
-0.0319074
-0.00364463
0.045403
0.0712452
0.0688024
0.0631201
0.0558443
-0.0411404
-0.0418105
-0.0511788
-0.0474993
-0.021841
0.0226877
0.0666655
0.07409
0.0665129
0.0677392
0.0682476
-0.0360198
-0.0402403
-0.0518721
-0.0386648
0.00213288
0.0432247
0.0641363
0.0563218
0.0613669
0.0779692
0.0755006
-0.0324708
-0.0274532
-0.0348325
-0.0258684
0.00205874
0.0221225
0.0316285
0.0403086
0.0664963
0.0741793
0.0663599
-0.0253876
-0.0207612
-0.0187243
-0.0103408
-0.000519733
0.00972706
0.0228019
0.0450168
0.0589615
0.0533148
0.0533376
-0.0299289
-0.0237547
-0.0179099
-0.00604512
0.00188176
0.00923489
0.0178561
0.0322791
0.0350616
0.0377096
0.0451496
0.0134485
0.0137785
0.0161104
0.0255306
0.0337311
0.0418295
0.0569082
0.0594478
0.0528529
0.050257
0.0494203
0.0106878
0.0115688
0.0147736
0.0236224
0.046486
0.0635386
0.07127
0.0710964
0.0649107
0.0613093
0.0547523
0.00181094
-0.00281663
-0.00961396
0.00329441
0.0355116
0.046431
0.0462109
0.0561078
0.0649645
0.0672123
0.0572363
-0.00307932
-0.0133605
-0.0174298
-0.000566833
0.00632115
0.000135801
0.0148362
0.0398833
0.053197
0.0544173
0.0486945
-0.00918544
-0.0155617
-0.0151961
-0.00895517
-0.0187844
-0.0284004
0.00035349
0.0218959
0.0287752
0.0346171
0.0350125
-0.0082763
-0.0163502
-0.0280285
-0.040266
-0.0615064
-0.0696243
-0.035648
-0.0106499
-0.0055471
0.0108941
0.0203866
-0.00589233
-0.0154734
-0.0289099
-0.0462845
-0.0620288
-0.0607151
-0.0417472
-0.0465358
-0.0444445
-0.0128864
0.0147705
-0.00608059
-0.0215994
-0.0366571
-0.0384964
-0.0338793
-0.0353503
-0.0505112
-0.0811032
-0.070034
-0.0173099
0.0136283
-0.00953618
-0.0157178
-0.0273108
-0.0343092
-0.039924
-0.0580345
-0.0840024
-0.0916893
-0.0538487
-0.017431
0.0021565
-0.0111465
-0.0145679
-0.0200079
-0.0260286
-0.0400311
-0.0587693
-0.0713377
-0.0590293
-0.037763
-0.0249395
-0.00617575
-0.0151013
-0.0204431
-0.0221851
-0.0221506
-0.0283927
-0.0384355
-0.0438476
-0.040105
-0.0394846
-0.0254959
-0.00321462
0.000436375
-0.0167328
-0.0328745
-0.0490314
-0.0679156
-0.0783432
-0.0800481
-0.0931261
-0.103186
-0.0997739
-0.0988118
0.016545
0.00252538
-0.0161457
-0.0367202
-0.0462441
-0.0556354
-0.0716361
-0.0909616
-0.102474
-0.0958673
-0.0964113
0.0262326
0.0112431
-0.00963707
-0.0250798
-0.0318025
-0.057773
-0.0884945
-0.10638
-0.106044
-0.0953744
-0.096984
0.0411483
0.0334465
0.0249775
0.0167994
-0.0122049
-0.0596503
-0.0843721
-0.0942248
-0.099182
-0.094667
-0.0949467
0.0543737
0.0617996
0.070846
0.0660046
0.0216742
-0.0292757
-0.0476179
-0.0631276
-0.0850735
-0.0830505
-0.0823898
0.0648867
0.0811055
0.0944351
0.0834757
0.0380427
-0.011929
-0.0248978
-0.0454002
-0.0707082
-0.0701702
-0.0724551
0.0738709
0.0906236
0.109277
0.107763
0.0806867
0.0450453
0.0233702
-0.0242397
-0.0584409
-0.0573822
-0.0531261
0.0754016
0.0849141
0.103398
0.124277
0.13005
0.105885
0.0619215
-0.00365238
-0.0342255
-0.0257176
-0.033564
0.0672496
0.0818691
0.0993845
0.117984
0.122308
0.0977246
0.052644
0.0167346
0.00977648
0.00256372
-0.0208499
0.0611612
0.0690676
0.0881623
0.104075
0.102934
0.0844761
0.0608941
0.0474349
0.0323635
0.00796669
-0.0136693
0.0630541
0.0617072
0.0755753
0.0919294
0.0951354
0.0860486
0.0723183
0.0520351
0.0262502
0.00958907
-0.00344245
0.0239418
0.00517597
-0.0110292
-0.0167206
-0.0218017
-0.0197071
-0.0268352
-0.0236821
-0.0164849
-0.0175334
-0.00768538
0.0355578
0.0087341
0.00313399
0.0205305
0.0134248
0.0221596
0.00381348
-0.0273116
-0.00713447
0.00614332
0.0034238
0.0303223
0.0092425
0.0069348
0.0202745
0.0176928
0.0265453
0.0100265
-0.041517
-0.0555732
0.00579538
0.0148816
0.0552368
0.0429941
0.0482682
0.0492242
0.0655317
0.0527154
-0.0184952
-0.0412203
-0.0810565
-0.0477669
-0.0177761
0.0568333
0.0426144
0.0648607
0.0541467
0.0805705
0.0853859
-0.0265046
-0.0359691
-0.0653189
-0.0719452
-0.0444903
0.0472633
0.0250984
0.00830907
-0.0475625
-0.0552412
-0.0522933
-0.133963
-0.103579
-0.0465136
-0.0301505
-0.0210788
0.0602018
0.0352304
0.0119297
-0.0257289
-0.0200965
-0.0506156
-0.130491
-0.0853454
-0.0246205
-0.0074637
-0.0118777
0.0306245
0.00504221
0.00382844
0.0167997
0.0603929
0.0462707
-0.0355734
-0.0612656
-0.0697719
-0.0551077
-0.0281758
0.0397479
0.0316775
0.0257628
0.0358141
0.0594571
0.0408307
-0.0154965
-0.046624
-0.0713122
-0.0457716
-0.0237417
0.0428033
0.0345617
0.0518985
0.0600254
0.0616629
0.0385305
0.015098
0.00501713
-0.0183303
-0.0254938
-0.0261728
0.0230388
0.00736956
0.0125697
0.0247439
0.0269456
0.0131178
-0.00476061
-0.0252756
-0.0338938
-0.0299019
-0.0298332
-0.0270416
-0.0542754
-0.0775043
-0.087378
-0.0932624
-0.0867293
-0.0900765
-0.0801402
-0.0590405
-0.0485299
-0.027013
-0.00570046
-0.0453175
-0.0531012
-0.0331369
-0.0407337
-0.023908
-0.037514
-0.0723354
-0.0357742
-0.00172182
0.00135133
-0.00758099
-0.0427138
-0.0504004
-0.0382653
-0.0467254
-0.0252767
-0.0314948
-0.0835137
-0.08786
0.00217904
0.0263161
0.022934
0.00299289
7.75033e-05
-0.00783357
0.0179179
0.0141773
-0.0592268
-0.0625182
-0.0965524
-0.0471397
0.00412082
0.023474
0.00761049
0.0318669
0.0121909
0.0584014
0.0833971
-0.0403892
-0.0214929
-0.0399128
-0.0550296
-0.0160142
0.0163288
-0.0135001
-0.0376529
-0.112143
-0.103556
-0.0710055
-0.153049
-0.0802644
0.0125925
0.022348
0.027713
0.0400227
0.010114
-0.0230979
-0.0669715
-0.0344908
-0.0445856
-0.118392
-0.0331813
0.0598378
0.0679838
0.0551084
0.014778
-0.0135887
-0.0131505
0.0167219
0.105035
0.117768
0.0346266
0.0173044
0.00747418
0.0154352
0.0387005
0.0326107
0.0276384
0.0268722
0.057021
0.117439
0.119168
0.0649658
0.0341851
0.000712321
0.0196944
0.0389673
0.046042
0.0475236
0.0756006
0.10038
0.124051
0.111097
0.0968225
0.0925745
0.0579971
0.0379008
0.0308307
0.0309678
0.0212381
0.0417788
0.0679107
0.0851873
0.0788057
0.0688174
0.0525005
0.0342279
0.0260669
0.0222169
-0.0328596
-0.0560628
-0.075413
-0.0792454
-0.0768752
-0.0721783
-0.0788131
-0.0671162
-0.0501496
-0.0414764
-0.0173219
-0.0105396
-0.0428068
-0.0445607
-0.0197158
-0.0205591
-0.0105447
-0.0291654
-0.0586263
-0.0243689
0.00604998
0.01127
-0.00743874
-0.0356926
-0.0366316
-0.0200881
-0.0244826
-0.0131102
-0.0283981
-0.0734212
-0.070484
0.0124106
0.0338004
0.0266456
0.0107179
0.0134576
0.00900746
0.0258224
0.0138743
-0.0628377
-0.0615492
-0.0830356
-0.0328175
0.0138435
0.0300413
0.0179347
0.0420523
0.0211928
0.0514414
0.0628635
-0.0539925
-0.033848
-0.0437849
-0.049251
-0.0104383
0.0228009
-2.23035e-05
-0.0245247
-0.0968143
-0.100202
-0.081278
-0.159507
-0.0910332
-0.00630349
0.00792404
0.0209995
0.0431795
0.0184857
-0.0112082
-0.0561852
-0.0367099
-0.0531958
-0.127126
-0.052803
0.0291927
0.0438207
0.0424072
0.0203331
-0.00444959
-0.00497674
0.0181728
0.0922336
0.0971424
0.0120982
-0.00885901
-0.0185707
-0.00491688
0.0311613
0.041266
0.0377176
0.0345855
0.060182
0.114805
0.111763
0.0489901
0.0106971
-0.0205431
0.00210112
0.0324644
0.0535577
0.0584915
0.0829425
0.105219
0.128065
0.11514
0.09134
0.0764024
0.0390078
0.0242593
0.0280135
0.0395777
0.037246
0.0554624
0.08217
0.101151
0.0944002
0.0750334
0.0546287
0.0367694
0.0293578
0.0303121
-0.0659902
-0.0752374
-0.0842318
-0.0948727
-0.0976007
-0.0891487
-0.0748976
-0.062974
-0.0468237
-0.0255052
-0.00945275
-0.0556753
-0.0663953
-0.0738648
-0.0719881
-0.0647299
-0.0558229
-0.0492414
-0.0435318
-0.0227247
0.000682374
0.0108417
-0.0644992
-0.0825147
-0.0911656
-0.0917929
-0.0916345
-0.0823498
-0.0692692
-0.0528907
-0.0184341
0.0170999
0.0192527
-0.0410813
-0.0591666
-0.0551582
-0.0646665
-0.0927881
-0.111292
-0.0939565
-0.0543129
-0.0115813
0.0213611
0.0233199
-0.0281995
-0.0417173
-0.023785
-0.0209163
-0.0563489
-0.0822331
-0.0692162
-0.0360518
0.00588492
0.0254551
0.0305943
-0.0205492
-0.0400632
-0.0477259
-0.055828
-0.0876473
-0.102864
-0.0828696
-0.0382225
0.0182415
0.042962
0.0390978
0.000592255
-0.0189402
-0.0299375
-0.019291
-0.0192161
-0.0213666
-0.000412019
0.0242955
0.0541286
0.0614444
0.0463041
-0.00616199
-0.0186683
-0.021695
0.0135777
0.054933
0.0688095
0.0720112
0.0639135
0.0657632
0.0694331
0.0560262
0.00422568
0.00907041
0.00784523
0.0292266
0.0551897
0.0585905
0.0535876
0.0556753
0.0796134
0.0788669
0.0660308
0.015182
0.026699
0.0378216
0.0524285
0.0680686
0.0763136
0.0745902
0.0831581
0.0870582
0.0694212
0.0578243
0.0222305
0.0287639
0.0367686
0.049255
0.0704041
0.0786447
0.0846276
0.0794406
0.069125
0.0656282
0.0702954
0.0185885
0.0193959
0.0198779
0.00870875
-0.00820214
-0.0169937
-0.0279916
-0.0404011
-0.0528486
-0.0486952
-0.0410786
0.02906
0.0374031
0.0519025
0.0617463
0.0564266
0.0472783
0.021089
-0.0143922
-0.0333024
-0.0330362
-0.0336735
0.0280702
0.0359458
0.0582258
0.0641367
0.048893
0.0328652
0.00669597
-0.0310222
-0.044086
-0.0298169
-0.0381336
0.0584827
0.070439
0.110748
0.115333
0.061785
0.0010738
-0.0339204
-0.0538453
-0.0575872
-0.0459436
-0.0505559
0.0713448
0.0906371
0.146692
0.171439
0.108189
0.0276672
-0.0237688
-0.059061
-0.0634374
-0.0604972
-0.0543797
0.0697858
0.0717601
0.0925171
0.0929627
0.0262651
-0.0426039
-0.0862056
-0.100167
-0.0732531
-0.054009
-0.0533662
0.0815772
0.0748529
0.0768005
0.0902667
0.0613665
0.0075304
-0.0341203
-0.0608634
-0.048845
-0.040991
-0.0495301
0.0535932
0.0457246
0.0450125
0.0862467
0.109316
0.0780578
0.0213584
-0.0396295
-0.0541346
-0.0433247
-0.0482147
0.0437393
0.0474662
0.0403555
0.0565683
0.061028
0.0235705
-0.0292045
-0.060946
-0.0437175
-0.0340669
-0.0380217
0.0386715
0.045639
0.0544321
0.0582055
0.0464713
0.023006
-0.00784571
-0.0191265
-0.0223639
-0.0319687
-0.0346542
0.0252892
0.0227319
0.0252486
0.0288705
0.0262723
0.0153443
-0.000186088
-0.0227212
-0.0409688
-0.0351106
-0.0255026
0.0502299
0.052225
0.0526971
0.0427632
0.0320792
0.033453
0.0421536
0.0425332
0.0312054
0.0296033
0.0284674
0.0452419
0.0464422
0.0529744
0.0571191
0.0577457
0.070876
0.073468
0.0568225
0.0415085
0.0336497
0.0280679
0.0293054
0.0203416
0.0273927
0.030504
0.0311756
0.0476081
0.0576998
0.0397545
0.0285032
0.032232
0.0208625
0.0378334
0.0258354
0.0422553
0.0454846
0.0190339
0.00233785
0.00374397
0.00392442
0.00287126
0.00859032
0.00102218
0.0347161
0.0231504
0.0480981
0.0663655
0.0334673
-0.00141003
-0.0167042
-0.029252
-0.0245463
-0.0183249
-0.0148782
0.0323894
0.00208293
-0.00665187
-0.0130785
-0.0573565
-0.0879859
-0.0994791
-0.0907107
-0.0500904
-0.0202165
-0.0183269
0.0437886
0.00797085
-0.0171416
-0.0134713
-0.0333665
-0.0628245
-0.0771008
-0.0730173
-0.0380877
-0.0137181
-0.0183179
0.0184405
-0.0132848
-0.0342512
-0.0105316
0.00393986
-0.0140391
-0.0449875
-0.0675399
-0.0497278
-0.020003
-0.0217358
0.013862
-0.00187307
-0.0229779
-0.0215634
-0.0272753
-0.0614817
-0.0929016
-0.0921989
-0.0458883
-0.0186169
-0.0221115
0.00703186
0.00334128
-2.30786e-05
-0.00721151
-0.0296432
-0.0549825
-0.0713361
-0.0610437
-0.039381
-0.0290601
-0.0288705
-0.00784898
-0.0191876
-0.0259285
-0.0335568
-0.049316
-0.0667392
-0.0751603
-0.0796272
-0.0783229
-0.0557776
-0.0383299
-0.0414615
-0.0429061
-0.0428238
-0.0422425
-0.0501847
-0.0572621
-0.0576085
-0.0356503
-0.0023798
-0.00299019
-0.0093285
-0.0330284
-0.0286584
-0.0368744
-0.0717545
-0.107957
-0.136127
-0.124516
-0.0869022
-0.0347222
-0.016772
-0.0131711
-0.0122642
0.00353723
-0.00353096
-0.0302403
-0.0798426
-0.13643
-0.124432
-0.0904492
-0.0470667
-0.0252825
-0.00236687
-0.0255725
0.00506614
-0.00188707
-0.00832387
-0.0219583
-0.0479651
-0.030313
-0.0246324
-0.0185129
-0.0142352
0.0131063
-0.0336215
-0.0109557
-0.029332
-0.0397088
-0.0560362
-0.0419665
0.00791106
0.0202919
0.0266109
-0.00392785
0.00534419
-0.0293859
-0.00722007
0.00361267
0.0341949
0.00989989
0.031548
0.104313
0.0878387
0.0555466
-0.000356249
-0.00421737
-0.0456936
-0.0166937
-0.00570874
0.00288645
-0.0423232
-0.0296641
0.0371999
0.0234904
0.0250593
0.00475709
0.00365228
-0.0090499
0.0243764
0.0199083
-0.0122527
-0.0831156
-0.0759503
-0.0112299
0.00593173
0.0363548
0.0139485
0.00210376
0.00212492
0.0160343
0.0282759
0.0272758
0.00924473
0.0534983
0.10826
0.0839984
0.0561859
0.0144564
0.00344748
0.00594419
0.0187373
0.0243093
0.0302494
0.038969
0.0721672
0.0892455
0.0689485
0.0608557
0.0359948
0.0230279
0.0216737
0.0372721
0.0483449
0.0449782
0.0422001
0.0562813
0.0708945
0.0853162
0.0966483
0.0652225
0.0369469
-0.0189448
-0.0178854
-0.0201652
-0.0299714
-0.0505563
-0.0667966
-0.0722881
-0.0444717
-0.00707332
-0.0143032
-0.0239083
-0.0104864
-0.00139612
-0.0208751
-0.07785
-0.136655
-0.181066
-0.171344
-0.123162
-0.0601924
-0.0419804
-0.0378707
0.0128639
0.0436089
0.0330791
-0.00468984
-0.0697234
-0.148991
-0.143923
-0.112264
-0.0750192
-0.0577896
-0.0315032
-0.0025431
0.0436478
0.0406577
0.0428147
0.0307722
-0.00597089
0.00485443
-0.0112664
-0.0343032
-0.0460775
-0.0163468
-0.00835428
0.0202911
6.93205e-05
-0.00419529
-0.0211014
-0.00516434
0.0490779
0.0424816
0.0231476
-0.0296144
-0.0268238
-0.00441228
0.0251477
0.0469636
0.0899583
0.0567579
0.0804352
0.159379
0.114955
0.0598662
-0.0200555
-0.0331008
-0.0319564
0.0079027
0.0278361
0.0362801
-0.0291883
-0.0218016
0.0489912
0.0117602
0.00587147
-0.0175993
-0.0224503
0.00724353
0.0501177
0.0453285
-0.00514497
-0.114499
-0.121953
-0.0479618
-0.0347419
0.00842751
-0.0117972
-0.0285662
0.0178695
0.03596
0.0478307
0.0398274
-0.00119897
0.0408137
0.104751
0.0677997
0.0332279
-0.012227
-0.028855
0.017208
0.0291179
0.0326356
0.0377122
0.0391378
0.0771655
0.096206
0.0620816
0.0464627
0.0167058
-0.00129159
0.0330138
0.0524755
0.0596704
0.0487089
0.0419078
0.0537086
0.0679097
0.0817209
0.0986482
0.0603205
0.0171339
-0.0143021
-0.0107737
-0.0135239
-0.0205823
-0.0397299
-0.0469059
-0.0395686
-0.0120929
0.0232988
0.0096776
-0.00586369
-0.0139789
-0.00504473
-0.0240425
-0.0727232
-0.122658
-0.14908
-0.127738
-0.0800017
-0.02616
-0.0172778
-0.0185316
0.00467163
0.0288649
0.013588
-0.0188999
-0.0695866
-0.120202
-0.0979656
-0.0674616
-0.0385732
-0.0317184
-0.0100948
-0.0118365
0.0246404
0.0151178
0.0216974
0.0213801
0.0111827
0.0392303
0.0219491
-0.00565035
-0.0245
0.000646164
-0.0198905
0.00353984
-0.01846
-0.015046
-0.0158371
0.0175036
0.0762085
0.0642962
0.0393788
-0.0145294
-0.0118234
-0.0143291
0.0034425
0.0220806
0.0710104
0.0575149
0.0927294
0.16877
0.125383
0.0675666
-0.0070923
-0.0178401
-0.0412019
-0.0134381
0.00117868
0.0188678
-0.0278239
-0.0108664
0.0576411
0.0249973
0.0194649
-0.00428654
-0.0115349
-0.00636793
0.0280727
0.0226891
-0.0152833
-0.107977
-0.108593
-0.0399817
-0.0250088
0.0190004
0.000400844
-0.018364
0.00270853
0.0165131
0.0305209
0.0275009
-0.00950689
0.0284295
0.0904104
0.0647295
0.0392665
-0.00196092
-0.0180605
0.00250421
0.0103324
0.0194452
0.0274057
0.0232258
0.0561402
0.080257
0.0580113
0.0504905
0.0218418
0.00127896
0.0164953
0.0320737
0.042055
0.0349078
0.0246266
0.0333265
0.0543311
0.0737051
0.0916842
0.0529879
0.00620244
0.01739
0.0258371
0.0148765
0.00657992
0.00546525
-0.0315806
0.0113979
-0.00680545
-0.0229803
0.0287511
-0.00345281
0.00711004
0.0216416
0.0146721
0.0138275
0.0654099
-0.0277701
-0.000649105
0.0571763
-0.00471001
-0.0106087
0.00711636
-0.0159073
0.013484
0.0185154
-0.0161509
0.025621
-0.0217898
0.00724429
0.0467584
0.0492137
-0.0298302
0.00775507
0.0115507
0.0488865
0.0279148
0.0585131
0.0170876
-0.0212127
0.0859275
-0.0514894
0.0391533
0.0143787
-0.0229905
0.0139421
0.054154
0.000624128
0.144629
0.0962109
-0.0685706
0.144118
-0.068545
-0.0746359
0.0171654
-0.0272247
0.00320753
0.0137012
-0.0433412
0.0680191
0.0485501
-0.131426
0.0460799
-0.0855441
-0.138326
0.00260672
-0.0170202
0.0199144
0.00425622
-0.0270408
0.0631606
-0.00706227
-0.112619
0.0341447
-0.0229934
-0.0673033
0.0181504
-0.0331395
-0.00594956
-0.00609494
-0.0281177
0.0500661
-0.0420849
-0.105104
0.0391268
0.0288407
-0.0365345
-0.0146102
-0.0467141
-0.00133794
0.00968126
-0.00372786
0.0224316
-0.0448155
-0.0509497
-0.00564483
-0.0298827
-0.0406665
-0.0181937
-0.0181933
0.00613219
0.0217631
0.0273535
0.0257351
-0.00861913
0.0175357
0.0163534
-0.0346118
-0.0160593
0.0121619
-0.0138009
-0.00805977
0.00678969
0.00158881
-0.0134561
-0.022691
-0.0253222
-0.0195203
-0.0268566
-0.0247301
-0.00180247
-0.0190133
-0.00126383
0.0127538
-0.017186
-0.0298086
-0.0216315
-0.0684561
-0.0118665
-0.0255471
-0.0393555
0.0253348
-0.015005
-0.0132621
0.0124583
-0.0109614
-0.0101147
0.0662802
-0.059355
-0.0225187
0.071899
0.00122357
-0.0119906
0.000113877
-0.0371157
0.000595051
-0.0167301
-0.0485201
0.0103178
-0.0606256
-0.0131582
0.0574915
0.0754212
-0.0186907
0.002672
0.000255338
0.0390768
-0.000853731
0.0575874
-0.00581925
-0.0634593
0.0997482
-0.0731372
0.0527434
0.0528658
-0.0274646
0.00522914
0.042729
-0.023411
0.197082
0.108446
-0.113377
0.195853
-0.0831877
-0.0926632
0.063039
-0.025832
-0.0148756
-0.00794901
-0.0817499
0.100257
0.0492821
-0.193975
0.0827195
-0.0859046
-0.16923
0.0410178
-0.00378885
0.00857546
-0.0120902
-0.0519716
0.0837231
-0.0230756
-0.164015
0.0807757
0.0144166
-0.0623117
0.0613363
-0.0194357
-0.0140374
-0.0197002
-0.0446972
0.068076
-0.0489943
-0.128967
0.0994057
0.0992898
-0.00091794
0.0170875
-0.0406368
-0.00733385
0.00159691
-0.0150787
0.0241964
-0.0491541
-0.0466029
0.037726
0.0130546
-0.00965512
0.00905547
-0.00758473
0.0035174
0.0244444
0.030452
0.0301914
0.00116355
0.0457465
0.0531729
-0.0131327
0.00899343
0.0443893
0.00413028
-0.00847944
0.0161389
0.00591702
-0.0122981
-0.0110548
0.00283786
0.00717582
-0.00802557
-0.00311631
0.0225499
-0.00144668
-0.00774734
0.00421748
-0.018744
-0.0242625
-0.0242129
-0.0693958
-0.0128286
-0.0291377
-0.0410078
0.0250109
-0.0122538
-0.0103686
0.0128199
-0.00848194
6.89991e-05
0.0594442
-0.0613551
-0.0225456
0.052634
-0.00978195
-0.0140486
-0.00121853
-0.0296808
0.00573815
-0.00636801
-0.0303762
0.0156753
-0.0600778
-0.0136772
0.0430827
0.0555092
-0.0250813
0.0018492
0.00450456
0.0465215
0.0130442
0.0654983
0.00347672
-0.0635019
0.0880337
-0.0692523
0.0439169
0.0349145
-0.0282461
0.00990221
0.052658
-0.00725067
0.186646
0.102626
-0.110013
0.167992
-0.0838806
-0.0862432
0.0461203
-0.0330217
-0.00362618
0.0062974
-0.0582227
0.10453
0.0503669
-0.178459
0.0671548
-0.0900958
-0.162547
0.0254436
-0.0182752
0.0161908
0.00123325
-0.0350597
0.0911999
-0.00807124
-0.14502
0.0671812
-0.00485951
-0.072947
0.040933
-0.0329958
-0.00200854
-0.00352
-0.0276353
0.0745019
-0.0326164
-0.11593
0.0852104
0.0720692
-0.0214108
0.00236881
-0.0485227
0.00339952
0.0144587
-0.00286988
0.0379573
-0.0343525
-0.0458343
0.0325938
0.00241443
-0.0263849
-0.00263228
-0.0130635
0.0129504
0.0329659
0.0389719
0.0479392
0.0135614
0.0387224
0.0499655
-0.0111024
-0.000463115
0.0347597
-0.00243444
0.00164778
0.027049
0.0168916
0.0050298
0.00429378
0.00269882
0.0117314
-0.00360451
-0.00569892
0.0213566
0.000152763
0.00692559
0.00208864
0.0204213
0.0389804
0.0480464
0.0368038
0.0306822
0.0172362
0.00573396
-0.0114925
-0.011985
0.0229149
0.0231698
-0.00251857
0.0137302
0.0436777
-0.00230343
-0.0102445
-0.046061
-0.016901
0.0232575
-0.00113549
0.0366086
0.0715872
0.0189031
0.0185632
0.0945696
0.0300244
0.00682543
-0.0701989
-0.0841235
0.00295759
0.0156092
-0.00575672
0.00961147
0.00477004
0.0012898
0.0442637
0.0100054
0.0320919
-0.0420189
-0.11016
-0.0539377
0.00329522
0.00582749
-0.0322427
-0.0556615
-0.0475916
-0.0673237
-0.0489867
0.034501
0.0102675
-0.0111905
-0.0112165
-0.0155011
0.0266322
-0.0229683
-0.0249025
0.073188
-0.0261386
-0.0486922
0.0786615
0.0558067
0.0658083
0.0472504
-0.00609795
0.00762581
-0.0556774
-0.0508475
0.143918
0.0626857
-0.0555997
-0.00426722
-0.0719205
-0.0325975
0.0602104
0.043983
0.0377027
-0.0132313
-0.105509
0.0606631
0.110415
0.0230876
-0.00740024
-0.0941407
-0.0653987
0.042914
0.0556945
0.00581935
0.0142678
-0.0625217
-0.0376167
0.0377562
0.0552558
0.0641455
0.00606079
-0.0199763
-0.000527545
0.007013
-0.0307425
-0.0337619
-0.0258249
-0.0350262
-0.0282768
-0.0088822
-0.0170246
-0.0326937
-0.0312213
-0.015464
-0.00497696
0.00772456
-0.0113782
-0.026061
-0.00276703
0.0111092
0.00532769
-0.0041799
-0.0164288
-0.0247943
-0.00165767
-0.00303047
0.0109856
0.00753923
0.0193778
0.0447173
0.0563322
0.0426371
0.033171
0.0102316
0.00346537
-0.00882233
-0.0161084
0.0324686
0.033527
-0.0176848
0.00462207
0.0470412
-0.0139062
-0.029774
-0.079341
-0.0379775
0.0293807
-0.00220121
0.0466662
0.0930415
0.0137936
0.0220641
0.116815
0.0302212
0.00108849
-0.108007
-0.127175
-0.00236106
0.0130655
-0.0137577
0.0139159
0.00367978
0.0062069
0.051429
-0.00170134
0.0429996
-0.0566425
-0.155468
-0.0741946
-0.00681042
-0.000635057
-0.0475561
-0.0736178
-0.055194
-0.103425
-0.0996154
0.0369565
0.0176096
-0.0143895
-0.00916255
-0.0240253
0.0237319
-0.0429968
-0.0281754
0.112142
-0.0318379
-0.0883203
0.0909813
0.0718511
0.0852702
0.0750662
-0.00346595
0.00144463
-0.0857919
-0.0645545
0.206892
0.098008
-0.0774196
-0.00890182
-0.10424
-0.0523483
0.0815789
0.0587775
0.0491365
-0.0227602
-0.13687
0.0903957
0.153009
0.0248015
-0.015856
-0.139068
-0.0958615
0.0566422
0.0756933
0.0167368
0.026195
-0.0728647
-0.038575
0.0586441
0.0808123
0.0836042
0.00249882
-0.0306096
0.00558949
0.0167674
-0.0369031
-0.0338578
-0.0270722
-0.0398239
-0.0294349
0.00365179
-0.00891588
-0.0408681
-0.0422334
-0.0199175
-0.00578884
0.0054478
-0.0124448
-0.0308284
-0.00174104
0.020326
0.0215012
0.00621066
-0.0187807
-0.0268067
-0.00218012
-0.00166951
0.00704594
0.00524729
0.0182932
0.0497423
0.0614732
0.050507
0.0458603
0.0185582
0.00382147
-0.00697952
-0.0139835
0.0249995
0.0263218
-0.0139545
0.0138382
0.0522914
-0.00423804
-0.0144621
-0.0625678
-0.0283944
0.0332101
0.00116197
0.0406691
0.0778416
0.00878453
0.0251868
0.111997
0.0344078
0.00706539
-0.0954568
-0.10979
0.00661208
0.0172171
-0.00790024
0.00933317
-0.00674032
0.00187206
0.0502257
0.00337537
0.0397174
-0.05465
-0.139071
-0.0639925
0.000551664
0.00742794
-0.0396757
-0.074075
-0.0571768
-0.0904599
-0.0832183
0.0376505
0.0125636
-0.0179044
-0.0116363
-0.0205669
0.0303753
-0.0319684
-0.0306174
0.0920492
-0.0337755
-0.0793986
0.0833507
0.0661228
0.0772083
0.068354
-0.00481603
0.0095043
-0.0710357
-0.059736
0.183127
0.0821893
-0.0739941
-0.00833199
-0.0888007
-0.0406551
0.0807207
0.0557601
0.0444911
-0.0231542
-0.128653
0.086689
0.1396
0.0204024
-0.0129982
-0.124167
-0.0860001
0.0576504
0.0770951
0.00688818
0.0116886
-0.0771239
-0.0345145
0.0544164
0.0694188
0.0751076
0.000151894
-0.0341242
0.00615208
0.0246172
-0.0394238
-0.0421129
-0.0342906
-0.0389848
-0.0276933
-0.0028146
-0.00970244
-0.0400402
-0.0430651
-0.0157355
0.000507318
0.000656966
-0.0195442
-0.0367668
-0.00513206
0.0197667
0.018469
0.00935357
-0.0180794
-0.0283874
0.00031288
0.0012971
-0.0283177
-0.045646
-0.0465933
-0.0329707
-0.0483983
-0.0594263
-0.0222228
-0.0194604
-0.0487941
0.00459522
-0.015813
-0.021399
-0.0427676
-0.0746857
-0.0303384
0.0326509
-0.034995
-0.0679286
0.0494293
-0.0183111
-0.00418799
0.020946
-0.031677
-0.0176506
-0.0337871
-0.0944145
0.00402212
0.0965498
-0.101442
0.00544575
0.0695499
-0.0403694
0.0357713
-0.0360732
-0.0360195
-0.0158771
-0.0927629
-0.119463
0.113502
0.00154317
-0.0879196
0.0786052
-0.0118297
-0.0106867
-0.0392382
-0.0387635
-0.0331921
-0.0581383
-0.102294
0.0123145
0.0940005
-0.0345112
-0.000926838
0.0190717
-0.0256162
-0.0423451
-0.0216539
0.00743579
-0.0800678
-0.0788385
-0.0426992
0.015991
0.022738
0.00228668
0.0400815
0.00745457
-0.0164692
-0.0373421
-0.00586093
-0.0138088
-0.0282796
-0.0153262
0.0166794
0.0678394
0.0338797
0.0407298
0.0286442
-0.00412419
-0.00155101
-0.0556415
-0.0056209
0.0799166
0.0542529
0.0698706
0.110291
0.0224304
0.00856391
0.0424202
-0.00363146
0.0476468
0.00298895
-0.0369888
0.057501
0.0592399
0.0316475
0.0904346
0.0530179
0.0111742
0.0431246
-0.00373002
0.00515543
0.0300617
-0.000721657
0.0120839
0.0341783
0.0250528
0.0450133
0.0474202
0.0282031
0.0277245
0.00836716
-0.00485123
-0.00813058
0.0149497
0.0245022
0.0344133
0.0448
0.0459298
0.0194002
0.0154267
0.0310735
-0.0152382
-0.0339834
-0.0396843
-0.0138201
-0.0305359
-0.054038
-0.000682831
0.0150207
-0.0385116
0.00701781
-0.00540567
-0.00922061
-0.0324599
-0.0789777
-0.021733
0.0734055
-0.00523186
-0.0520021
0.1016
0.000856435
-0.0143393
0.0352382
-0.0259816
-0.00224358
-0.0262828
-0.116505
0.0309645
0.176795
-0.0833714
0.0349453
0.110467
-0.0556723
0.0412489
-0.0348982
-0.0317904
-0.00412741
-0.119747
-0.130215
0.213467
0.0566228
-0.0960834
0.110414
-0.0160635
-0.0209622
-0.0419942
-0.0433336
-0.0326842
-0.0705962
-0.113095
0.0790893
0.167473
-0.0454854
-0.00974769
0.0175764
-0.0385851
-0.0461655
-0.0190002
0.012131
-0.0925494
-0.0891805
-0.0218343
0.0479706
0.013415
-0.0282079
0.0366244
0.0087128
-0.015821
-0.0442389
-0.00925856
-0.0147462
-0.0329346
-0.0219052
0.0196342
0.0652459
0.00984458
0.0321061
0.036924
-0.00253174
-0.0155542
-0.0849017
-0.00903699
0.0996821
0.0469139
0.0652838
0.122434
0.000647157
-0.0186052
0.0415513
-0.00387218
0.0529476
-0.0123409
-0.054917
0.0694471
0.0456643
0.00287862
0.0872855
0.0421915
-0.00846561
0.0348249
-0.0126206
0.00361861
0.028101
-0.0108992
0.00182364
0.0122123
-0.00565239
0.0268783
0.0412488
0.0183685
0.0168405
-0.0092686
-0.0265062
-0.0266182
0.00233154
0.0012171
0.00762429
0.0210922
0.0259156
-0.000909885
-0.00301525
0.0109317
-0.00194531
-0.0225866
-0.0302714
-0.0172288
-0.0327793
-0.0419601
0.014175
0.0206863
-0.0317064
0.0136914
0.00177774
0.000933483
-0.0263817
-0.0785849
-0.0356658
0.0482163
-0.00630937
-0.0280317
0.102793
0.000489083
-0.00929816
0.0350635
-0.0216964
-0.00890744
-0.0419754
-0.118819
0.0230675
0.164857
-0.0488628
0.0568982
0.100451
-0.0521301
0.0483867
-0.039052
-0.0429688
-0.0302494
-0.121009
-0.109119
0.212579
0.0816228
-0.0593072
0.101482
-0.023882
-0.0101353
-0.0531689
-0.0605738
-0.0600402
-0.0823313
-0.0920601
0.0957756
0.175968
-0.020397
-0.00756105
0.00584382
-0.031694
-0.0603449
-0.0431286
-0.0181033
-0.10421
-0.0752528
0.000806778
0.0600776
0.0219462
-0.0238146
0.0307738
0.0109327
-0.0274092
-0.059333
-0.0313565
-0.0297449
-0.0267145
-0.00926417
0.0165599
0.0541857
0.00330268
0.0295099
0.0423975
-0.0163824
-0.0278084
-0.0924337
-0.0231417
0.0848785
0.0423257
0.0478922
0.0974584
-0.00458416
-0.0114889
0.0474631
-0.0185812
0.0322452
-0.0234145
-0.0583884
0.0541789
0.0394236
-0.00180999
0.0735499
0.0401523
-0.00145835
0.0410875
-0.0250773
-0.00902558
0.0174346
-0.014918
-0.00317082
0.00636434
-0.00968706
0.0289361
0.0476145
0.0234397
0.0169643
-0.0188897
-0.0319471
-0.0325031
-0.00725338
-0.00512703
-0.000222173
0.00852105
0.0229919
0.00534182
-0.00122469
0.00499509
0.0302778
0.0337059
0.0493902
0.0650786
0.0293249
0.0174548
0.0474519
0.0438526
-0.0166142
0.0191812
0.0051982
0.0394134
0.0449778
0.0349852
0.0280714
0.0183229
-0.00439592
-0.0254833
0.0400866
-0.0433758
-0.0295733
0.0104983
0.0509901
0.0340075
0.0441961
0.00222072
0.0073641
0.0967055
-0.0972771
-0.0267106
0.0330421
-0.074104
-0.000305267
0.0468543
0.0161965
0.108013
0.0778991
-0.044686
0.129014
-0.0197019
-0.112242
0.0547267
-0.0208057
-0.00981477
0.0509382
0.0373726
0.100946
0.0733881
-0.0461353
0.0280419
0.0120102
-0.0882468
0.014568
0.0359883
-0.0117197
0.0417686
0.0265928
0.0821654
0.0386801
0.0377616
0.0512624
0.0134369
0.00868487
-0.00275054
-0.0220813
-0.0447025
0.0351339
0.00111145
0.033023
0.0158197
0.0181373
0.0330275
-0.0310652
-0.0373122
-0.0642706
-0.0716273
-0.0406379
0.045834
0.0296923
-0.01871
-0.0302713
0.00125086
-0.0645348
-0.136433
-0.0787684
-0.0545339
-0.0436945
-0.0346834
0.011587
0.018001
-0.017281
-0.0407824
0.0175504
-0.0441566
-0.112051
-0.035475
-0.0157507
-0.0557108
-0.0617983
0.00765829
0.00507674
-0.00126116
-0.00488719
0.00725666
-0.016388
-0.04348
-0.0449453
-0.0351288
-0.042915
-0.041074
0.0170034
0.001809
-0.00109789
0.00625113
-0.0140045
-0.0285774
-0.021395
-0.020991
-0.0275502
-0.0285319
-0.0237244
0.0202492
0.0151876
0.0392083
0.0651493
0.0182009
-0.00556008
0.033128
0.0358551
-0.0382409
-0.00052656
-0.00719863
0.030812
0.033349
0.0254461
0.0138711
0.000280166
-0.0323324
-0.0727121
0.0248373
-0.0620171
-0.0585577
0.000366598
0.0429452
0.0256738
0.0530794
-0.0217857
-0.0187322
0.0965293
-0.172434
-0.0717661
0.0480604
-0.0991868
-0.0154413
0.0421142
0.00933265
0.142315
0.0722785
-0.0934048
0.142814
-0.0742835
-0.184199
0.0826614
-0.0129134
-0.0160581
0.0550473
0.0415069
0.130446
0.0633183
-0.107777
0.00950768
-0.0203807
-0.140596
0.0353924
0.0678247
-0.00984466
0.0457422
0.0302786
0.101986
0.0323095
0.0174024
0.0549421
0.0134648
0.0073484
0.0137039
-0.00798703
-0.0438257
0.0338649
-0.00545628
0.0436822
0.0191414
0.0216354
0.048688
-0.023577
-0.0324297
-0.0686205
-0.0798046
-0.0378194
0.0537758
0.031745
-0.0208758
-0.0285207
0.0140361
-0.0763957
-0.16156
-0.0750308
-0.0449458
-0.0402142
-0.023859
0.022003
0.0304664
-0.0186852
-0.0413423
0.0385197
-0.0456905
-0.128844
-0.0181956
0.0176553
-0.0434407
-0.0557674
0.0165685
0.0159043
0.00765759
0.00371627
0.0263797
0.000711312
-0.0319964
-0.0271006
-0.00996759
-0.0313755
-0.0319193
0.0341825
0.0185652
0.0190887
0.0271886
0.0031142
-0.0144274
-0.000888677
0.0011501
-0.00673667
-0.00853313
-0.00272185
0.00727289
0.00131957
0.0315356
0.0571882
0.0215213
-0.000864852
0.0227883
0.0207204
-0.0392909
-0.000759712
-0.0108335
0.0211726
0.0261209
0.0318299
0.0263194
0.0106951
-0.029639
-0.0752482
0.00860397
-0.065732
-0.0509338
-0.00335064
0.0393146
0.0276425
0.0631225
-0.00158517
-0.00858716
0.0750954
-0.174761
-0.0777128
0.0333331
-0.0891314
-0.0109288
0.0498536
0.0221079
0.150509
0.0888563
-0.0743922
0.110415
-0.0902733
-0.175039
0.0686023
-0.0172064
-0.0152721
0.0663922
0.0591735
0.148134
0.0804277
-0.0886802
-0.00479873
-0.0415516
-0.13195
0.0313284
0.0588619
-0.00837982
0.0576989
0.0499877
0.122531
0.0488646
0.0203515
0.0397302
-0.00147463
0.00751465
0.0207545
-0.00273963
-0.0392924
0.0514554
0.0169742
0.0635184
0.0266437
0.0213307
0.0433539
-0.0197721
-0.021729
-0.0537885
-0.0711904
-0.0363142
0.0689527
0.0504455
0.00320197
-0.0220416
0.0175739
-0.0529128
-0.131429
-0.05915
-0.0381267
-0.0373072
-0.0248883
0.0301116
0.0426772
-0.000201522
-0.0316408
0.0379445
-0.0266768
-0.101584
-0.0143209
0.0123085
-0.0456171
-0.0524952
0.0217136
0.0256342
0.016702
0.00434082
0.0244766
0.00779416
-0.0240396
-0.0277515
-0.0147225
-0.0367723
-0.0303012
0.043574
0.027666
0.0271962
0.0290319
0.00924886
-0.00325178
0.00292284
-0.00273555
-0.00945545
-0.0115308
0.00093722
-0.0076144
-0.0310284
-0.0404173
-0.0123693
0.0109405
0.00153748
0.0170668
-0.0164927
-0.0580003
-0.0275765
-0.0217709
0.00453978
0.0178342
0.0135421
-0.0187375
0.0045631
0.00407325
0.0210123
0.00578604
-0.0617298
-0.038012
-0.0128055
0.0192403
-0.0405874
-0.0681988
-0.0492824
-0.00273896
-0.00382911
-0.0121623
0.00385529
0.00333802
-0.0497868
-0.018286
0.0169368
-0.0270771
-0.0569221
-0.00420447
-0.0153291
-0.0664487
-0.0382622
-0.0781446
-0.0126397
0.0254363
0.0190945
0.036565
0.0376299
-0.0791535
-0.0691331
-0.00742607
-0.112853
-0.0336762
-0.0414938
0.0146557
0.139032
0.0725461
0.001427
-0.0133001
-0.117165
-0.133508
0.048253
-0.0326635
0.00585823
0.054506
-0.0238168
0.0635249
0.0415069
-0.00700865
0.0175995
0.0147302
-0.0642302
0.0490926
0.0572718
-0.0011992
-0.0296955
-0.114939
0.00725154
0.0456331
0.0175865
0.0223045
0.0628554
-0.0103396
-0.022368
-0.0346538
-0.0937991
-0.0375214
-0.00650903
0.0856284
0.0493726
0.0186823
-0.0364358
-0.00394998
0.0296585
0.0191622
0.0111266
-0.00624693
0.037636
0.0166366
0.0359344
0.0194182
0.019337
0.00554882
0.00794769
0.0614448
0.0868048
0.0834069
0.0438961
-0.000311615
-0.0310286
0.0137256
0.0409902
0.0169103
0.0184189
0.0351252
0.0509873
0.060608
0.0480304
0.028892
0.0275929
0.0122552
0.0311675
0.0440339
-0.00558992
-0.0255322
-0.0307817
0.0107093
0.0459811
0.0291989
0.0438045
-0.00457618
-0.0627285
-0.0207408
-0.0142704
0.00450711
0.0260602
0.0296034
0.00391883
0.0431297
0.0314117
0.0502319
0.0296677
-0.0620844
-0.034031
-0.00550101
0.0183808
-0.0525147
-0.0719433
-0.0283018
0.0356064
0.0173989
0.00178546
0.0213954
0.0280157
-0.0353887
-0.0115826
0.0226005
-0.0334726
-0.0643503
0.0234516
0.0112945
-0.0716757
-0.0413538
-0.0952874
-0.000162928
0.0665306
0.0423506
0.0518705
0.0457773
-0.111518
-0.082055
0.00519716
-0.138497
-0.0237229
-0.0411579
0.0205091
0.202874
0.108458
0.00169308
-0.017477
-0.175175
-0.186739
0.0621964
-0.0288335
0.0458348
0.0930676
-0.0325507
0.0878573
0.0631477
-0.0149689
0.0242343
0.000508383
-0.100151
0.0631059
0.0783649
0.0187908
-0.0169571
-0.159209
-0.00278855
0.0598989
0.0105454
0.031578
0.0774679
-0.0227574
-0.0366552
-0.060884
-0.126328
-0.0406044
-0.0199754
0.0905768
0.0640378
0.0066396
-0.0552979
-0.0195325
0.0139197
0.00226539
-0.0112644
-0.0260373
0.0446064
0.0179825
0.027241
0.0184968
0.00921134
-0.0124695
-0.0131537
0.051239
0.0932515
0.0941795
0.0446888
-0.0120359
-0.0558757
-0.00791129
0.0352797
0.00456038
0.0107102
0.0259542
0.0468766
0.0684539
0.0479245
0.0148514
0.0106484
-0.0070026
0.0181729
0.0418717
0.000649743
-0.0203447
-0.02297
0.0215129
0.0589665
0.036501
0.0427877
-0.00703421
-0.0599698
-0.0156544
-0.00965832
0.00561672
0.027543
0.0358888
0.0169713
0.0518621
0.0344651
0.0435515
0.0163946
-0.0652191
-0.0304524
-0.00282623
0.0149152
-0.0407333
-0.0592064
-0.0228588
0.0340848
0.0110963
-0.00345309
0.0117382
0.0169492
-0.0326478
-0.00791701
0.0151098
-0.0272834
-0.0561635
0.0166025
0.00234903
-0.0790682
-0.0486132
-0.0853527
0.00207349
0.0568633
0.0378404
0.0396619
0.0390973
-0.100349
-0.0820223
-0.012054
-0.148362
-0.0432378
-0.0433141
0.0228786
0.183051
0.100336
-0.00814104
-0.0274847
-0.169693
-0.187105
0.0278867
-0.0617117
0.0110491
0.0726993
-0.0207238
0.0935158
0.0676451
-0.0201605
0.00667163
-0.0256783
-0.124556
0.0206828
0.0384548
0.00176775
-0.0137523
-0.130891
0.012131
0.0642797
0.00723554
0.0127745
0.04104
-0.0554249
-0.0620879
-0.0692124
-0.112902
-0.0307423
-0.0141288
0.0867305
0.0626604
0.00601629
-0.0578052
-0.0337984
-0.00549067
-0.0124336
-0.0189118
-0.0231082
0.0380953
0.011322
0.0268114
0.0199808
0.0136776
-0.0108921
-0.0193669
0.0402392
0.0799589
0.0789698
0.0410993
-0.00847368
-0.0518376
-0.00496909
0.0374189
0.00787212
0.00895759
0.0212219
0.0429219
0.0689914
0.0500171
0.0209906
0.0179434
-0.00660118
0.0174261
0.0429361
-0.0324806
-0.0269417
0.0144705
0.0762852
0.117976
0.0960347
0.0488169
0.00554021
0.00805204
0.026315
0.00752046
-0.0461972
-0.0315825
0.0456553
0.117447
0.128463
0.0709451
-0.00930934
-0.0420842
-0.00310236
0.0285309
0.0056111
-0.0183843
0.0070903
0.0977738
0.127883
0.0636461
-0.0352212
-0.123726
-0.107864
0.00724344
0.0523789
0.0121482
0.00941134
0.0116006
0.0535912
0.0509574
-0.0348429
-0.134555
-0.164278
-0.0787609
0.071291
0.0912635
0.0192055
0.00059938
0.00703582
0.0399345
0.0348926
-0.0622895
-0.170935
-0.143886
-0.0424115
0.0655147
0.0831395
0.0265355
0.00503807
0.0303702
0.045625
0.00484216
-0.0659736
-0.139396
-0.0984127
-0.0054624
0.0645888
0.0798508
0.0193981
0.00659447
0.019239
-0.0199472
-0.0993915
-0.118222
-0.0974657
-0.0149042
0.0884347
0.0846451
0.030335
-0.0181334
0.00182578
0.00835994
-0.0246739
-0.0963127
-0.0840963
-0.0296037
0.0355009
0.0614544
0.000925483
-0.0281929
-0.0315848
0.0062779
0.00452308
-0.0377799
-0.0641161
-0.0484629
-0.0189251
-0.0186117
-0.0398051
-0.0430092
-0.0346493
-0.0206368
0.016176
0.0112628
-0.0610106
-0.0859005
-0.0533296
-0.0150027
0.00642381
-0.0139291
-0.0486433
-0.0516894
-0.0171792
0.0152121
0.021135
-0.00625053
-0.0201297
-0.00176399
0.0214995
0.0170283
-0.0305228
-0.0573372
-0.0331409
0.0198511
-0.00586603
0.01553
0.017235
0.0340137
0.0419785
0.0324357
0.0282057
-0.00499783
-0.0231008
-0.0141128
-0.0129345
-0.00923246
0.00787379
0.0304246
0.0459634
0.0307655
0.0151295
0.00595648
-0.0249324
-0.0489359
-0.0341873
-0.0154237
0.0066162
0.0265563
0.0710885
0.0624004
-0.00331623
-0.0354169
-0.0525422
-0.0660717
-0.0360864
-0.00681838
-0.00024921
0.02479
0.0103139
0.017006
0.0173476
-0.0263373
-0.0531226
-0.0364719
-0.0244072
0.0386831
0.0569922
0.0257665
0.00921249
-0.0019689
0.0167742
0.051882
0.0222555
-0.0343768
-0.0153405
-0.0158679
0.0139879
0.0588949
0.0470364
0.0191799
0.0341852
0.0487138
0.0673831
0.0741547
0.00996847
-0.0176277
-0.0138393
0.0190739
0.0771184
0.0575607
0.0101943
0.0125156
-0.0254572
-0.0418675
0.00331778
0.00835699
0.0160145
0.068262
0.0693942
0.0558583
0.02369
-0.011806
-0.0131062
-0.0201698
-0.0264858
0.0192732
0.0322267
0.025948
0.0303689
0.00566225
0.0183455
0.0103663
-0.0117142
-0.0211352
-0.0227147
0.018259
0.0479065
0.0140564
-0.0410874
-0.0509892
-0.00630609
0.037367
0.0200088
-0.00265145
-0.0145318
-0.0581531
-0.0338373
-0.00187995
-0.00428408
0.000848668
0.0222125
0.023851
0.0176783
-0.0006772
-0.0103903
-0.0102111
-0.0137947
-0.00115187
0.0119809
0.0217502
0.0240898
0.00859725
-0.0124327
-0.0106277
-0.00328834
0.0460407
0.0436686
-0.020942
-0.0669709
-0.0804037
-0.0410085
0.0272457
0.0226915
-0.011883
-0.0114637
0.00717861
0.0400633
0.0135564
-0.0655438
-0.119995
-0.126972
-0.0374236
0.0526618
0.0296333
-0.0546688
-0.0696332
-0.0164746
0.0351301
-0.00232554
-0.0628461
-0.106556
-0.10809
-0.00512224
0.080808
0.0299367
-0.0511803
-0.0700859
-0.0136211
0.027551
-0.0440687
-0.111611
-0.10231
-0.0450583
0.0710614
0.142584
0.0678689
0.00494103
-0.0156694
0.00877998
0.00146842
-0.0646011
-0.0926236
-0.0194842
0.0630891
0.113932
0.126694
0.0235314
-0.0448483
-0.0172527
0.0346361
0.0135034
-0.0212819
-0.0270177
0.0521078
0.148016
0.116675
0.0251737
-0.0621938
-0.0787469
0.00261538
0.056304
0.0145742
-0.0184006
-0.0518755
-0.00206498
0.0814298
0.0340641
-0.0587741
-0.0693325
-0.0513791
0.0051166
0.0454526
-0.00872121
-0.0317078
-0.0164837
0.0326403
0.0687504
-0.00614678
-0.103188
-0.112494
-0.0792861
0.0110121
0.045732
-0.00827033
-0.0264434
0.00922289
0.0910216
0.0877062
-0.0275628
-0.138034
-0.130832
-0.0325347
0.0708544
0.0683679
-0.00114255
-0.0157727
-0.00890968
0.0497824
0.0462258
-0.0279362
-0.0511517
0.000874849
0.0562952
0.082905
0.0458458
-0.00392071
-0.00661994
0.0207979
0.0598001
0.0465268
0.0154361
0.0134046
0.0278759
0.0452014
0.0435631
0.0199968
-0.0146089
-0.0208225
0.0166153
0.0294447
0.0255324
0.00979325
-0.0267732
-0.0110962
0.0174744
0.00360577
0.0151465
-0.0102784
0.0188912
0.0510456
0.0435728
0.0325723
0.0226136
-0.0120479
-0.00449205
0.062293
0.0682627
0.0260979
-0.0238772
-0.0387064
-0.0350378
0.000829128
0.0563136
0.0442054
0.0329434
0.0603483
0.0723013
0.0557776
0.00468403
-0.0415749
0.0042594
0.101965
0.102204
0.0730343
-0.0145033
-0.0582822
-0.011207
-0.0463217
-0.016115
-0.00589842
0.00166953
0.0587287
0.105795
0.0225135
-0.0411305
-0.0625457
-0.107
0.00251731
0.036774
0.00859203
-0.0175137
-0.0222476
-0.0406514
-0.0248663
-0.0678387
-0.133564
-0.0852105
0.000487592
0.0778302
0.0284415
-0.0721723
-0.0739411
-0.0250865
-0.00172073
0.0554198
0.0452304
-0.00900796
0.0189754
0.0420201
-0.0256606
-0.0754402
-0.066981
-0.0313603
0.0105643
0.0244531
-0.00769219
-0.0423214
-0.0467723
-0.0294181
-0.00160132
0.0221716
0.0530846
0.0300363
-0.0108587
-0.00537141
0.00558081
-0.0389006
-0.105427
-0.088397
-0.0104767
0.0946102
0.127562
0.0432604
-0.0529447
-0.0580078
-0.0141685
0.0106579
0.0321161
0.00715078
0.0115742
0.0340169
0.0106959
-0.0365113
-0.0659394
-0.0529523
-0.0198517
0.00116614
-0.0049937
-0.0250713
-0.0550435
-0.0600893
-0.053279
-0.0512289
-0.02543
-0.0109164
-0.0174068
-0.0143664
-0.0104242
-0.0128176
0.011956
-0.00117451
-0.0285122
-0.0363231
-0.05676
-0.0240914
0.00535939
-0.0159432
0.00237687
0.00627532
0.0393179
0.0375104
-0.000249531
-0.0152203
0.0063484
0.001968
0.0128556
0.0605933
0.0527281
0.0169804
-0.0182761
-0.045646
-0.0744233
-0.0480726
0.0310723
0.0559785
0.086955
0.104216
0.0637974
0.0279316
-0.00740697
-0.0368309
0.0154128
0.107543
0.0963397
0.08559
0.0126479
-0.0155469
0.0106448
-0.0898584
-0.0628437
-0.011659
0.0211195
0.0838582
0.122241
0.0188742
-0.0283087
-0.0286617
-0.0771279
0.0185393
0.0120007
-0.0293594
-0.028581
-0.0207251
-0.058281
-0.0423418
-0.0806378
-0.124186
-0.0385504
0.0415263
0.0943833
0.0104348
-0.113125
-0.0924215
-0.0288796
-0.0139535
0.0695885
0.0944016
0.0571769
0.0839166
0.0576601
-0.0614646
-0.119131
-0.0865404
-0.0244823
0.0183467
0.0327435
0.00865763
-0.00352441
-0.00457819
-0.00405833
-0.0131448
0.00403571
0.0701135
0.0573888
0.00610028
0.000836146
0.0102606
-0.0339997
-0.0996825
-0.0796124
0.00255701
0.12592
0.180742
0.0992022
-0.0179628
-0.051018
-0.0163527
0.0120474
0.0574268
0.0450922
0.050187
0.0695283
0.0431712
-0.00708556
-0.0311834
-0.0233023
-0.0167356
-0.00353369
-0.0103316
-0.0181011
-0.0378282
-0.0434272
-0.0495672
-0.051798
-0.0102843
0.01798
-5.42724e-05
-0.0251603
0.00937115
0.00189523
-0.00707625
-0.0469768
-0.0816825
-0.0714074
-0.057913
-0.0108022
0.0105901
-0.0155651
0.00967304
0.0238237
0.0424967
0.00164832
-0.0625137
-0.0785969
-0.0168502
0.0221415
0.0415223
0.0576588
0.0347124
0.0146011
-0.00400159
-0.0484764
-0.113146
-0.107461
-0.0147065
0.0696889
0.144294
0.142895
0.058009
0.00657649
-0.0103789
-0.0327883
-0.0118547
0.0469941
0.045025
0.0800924
0.0806605
0.0778248
0.0585605
-0.0886679
-0.0832309
-0.0207487
0.0160446
0.0501791
0.0739174
0.00127655
0.00931246
0.05233
-0.00617082
0.023892
-0.0308545
-0.0659532
-0.0355182
-0.0154241
-0.0631081
-0.0571884
-0.0666583
-0.0753437
0.00568189
0.0390405
0.044693
-0.0496653
-0.136993
-0.082797
-0.0224405
-0.0179648
0.0569691
0.104199
0.0820157
0.0867456
0.0180689
-0.110268
-0.152086
-0.0941824
-0.0199595
0.0124583
0.0157575
0.0123155
0.031755
0.0291824
-0.00652084
-0.0565487
-0.0515591
0.0259203
0.0394987
0.00874286
-0.00294777
0.00931318
-0.00641814
-0.0415485
-0.0390857
-0.00449085
0.0706699
0.120483
0.0722643
-0.011929
-0.0349124
-0.014055
0.0139587
0.0787705
0.0839095
0.0634147
0.0450355
0.00784694
-0.0196598
-0.0111559
0.00609779
-0.00225425
-0.00321413
-0.00904186
-0.00530843
-0.0179785
-0.0388227
-0.0610959
-0.0562531
-0.000164397
0.0392031
0.0166326
-0.0253073
0.00524683
-0.00628172
-0.000117732
0.0234327
0.034135
0.0165263
0.00664074
-0.00150061
0.00959082
0.0100581
-0.0238504
0.0121102
-0.00803365
0.00906829
0.0322673
0.0428519
-0.031009
-0.0411036
-0.00225689
0.00883231
0.00623413
-0.00829834
0.0343025
0.0370209
0.0672007
0.0539985
0.0385804
-0.0472585
-0.0616627
-0.0383902
-0.030798
-0.0304445
-0.00658621
0.0380974
0.0436738
-0.00454351
-0.0291749
0.00869401
-0.0321599
-0.0355115
-0.0696358
-0.0663288
-0.0525708
-0.0584139
0.0369763
0.045419
-0.0515531
-0.10491
-0.0152822
-0.0506407
0.0181476
0.00126137
-0.0656966
-0.0318628
-0.0757423
0.043067
0.09574
0.0512244
-0.10851
-0.0260083
-0.0415654
0.00742908
0.0503283
-0.0377084
0.0178978
-0.0361697
0.040947
0.0897998
0.126553
-0.042751
-0.0382152
-0.0409447
-0.0374439
0.0460459
-0.0110888
0.0181461
-0.0338217
0.0446165
0.0663678
0.132521
0.0278878
-0.0109139
0.0166561
0.0507871
0.0726412
-0.0493301
-0.0601515
-0.0591902
0.0424726
0.0365991
0.0670333
0.0154498
-0.0133866
0.0457093
0.0749597
0.0355162
-0.0954649
-0.0916987
-0.0519688
0.0270325
0.00814066
0.0110851
-0.00745886
-0.0281833
-0.0180469
-0.014698
-0.0292739
-0.082998
-0.0691479
-0.0548374
0.020784
0.0163332
0.0230335
0.022655
0.0151293
-0.00552765
-0.0219527
-0.0210929
-0.0384595
-0.0481545
-0.0508694
0.0196946
0.0146987
0.0203251
0.0473051
0.0607872
0.0379837
0.0375612
0.0321822
0.0346166
0.028411
-0.0138283
0.0299784
0.00998218
0.0251756
0.0524837
0.0651814
-0.0223222
-0.0110229
0.0385934
0.0294073
0.0212519
0.00616367
0.0483449
0.0568387
0.080304
0.0749527
0.0740952
-0.0224062
-0.0182347
0.00352776
-0.0213289
-0.0286459
0.000948628
0.0514808
0.0470607
-0.0350382
-0.0441525
0.046958
0.0190842
0.0340722
-0.0345794
-0.0728741
-0.0576115
-0.068758
0.0490619
0.0424077
-0.110086
-0.159352
0.00711879
-0.0110678
0.0905211
0.0419394
-0.0826893
-0.0337702
-0.0836611
0.060029
0.120131
0.0272895
-0.168965
-0.0247984
-0.0324065
0.0429345
0.0887968
-0.0477294
0.0346842
-0.0218746
0.05826
0.121824
0.137623
-0.0941669
-0.0710175
-0.0742881
-0.0540193
0.0705857
-0.00723184
0.0417906
-0.0130434
0.056897
0.08345
0.154992
0.00329268
-0.0493606
-0.0191706
0.0391491
0.107367
-0.0442308
-0.0578333
-0.0482332
0.0487099
0.0382063
0.0744114
0.00467803
-0.0321605
0.0332539
0.0768505
0.0584257
-0.0999885
-0.0984882
-0.0475053
0.0244737
-0.00373545
0.00189951
-0.0236899
-0.0508257
-0.0440701
-0.0404053
-0.0361473
-0.0860119
-0.066951
-0.0531837
0.00996922
-0.000531472
0.00438623
0.00488908
-0.00720969
-0.0423917
-0.0606165
-0.0382649
-0.0452499
-0.0536214
-0.0633294
0.0216927
0.0159387
0.0148829
0.0284216
0.0327958
0.0154051
0.0226024
0.0209391
0.0217753
0.0170295
-0.018986
0.0321311
0.0117281
0.0107959
0.0229719
0.0288608
-0.0364181
-0.0161876
0.0265422
0.0113276
0.00359293
-0.00336061
0.0474057
0.0569143
0.0632418
0.0438605
0.0442566
-0.0308927
-0.0138734
-0.00140994
-0.038977
-0.0492566
-0.00530636
0.0445768
0.051548
-0.0276227
-0.0475811
0.0320845
0.0180877
0.0355251
-0.042349
-0.0925612
-0.0810033
-0.0740662
0.0426255
0.0456419
-0.0862289
-0.131551
0.0180808
0.00511444
0.0832781
0.0215806
-0.101782
-0.0615018
-0.0937087
0.0533189
0.112031
0.0415037
-0.128918
0.00405205
-0.0080464
0.0395158
0.059964
-0.0713902
0.00592785
-0.0354604
0.057715
0.111709
0.139913
-0.0569299
-0.0311949
-0.0479578
-0.0588241
0.0336567
-0.0349969
0.0244446
-0.0179179
0.0590311
0.0792432
0.153366
0.0285891
-0.0191746
-0.00994598
0.0238226
0.0729064
-0.0568682
-0.0549099
-0.0438781
0.0536263
0.0411131
0.0754923
0.016874
-0.0188346
0.0270776
0.0625619
0.0499488
-0.0897183
-0.0832614
-0.0377404
0.030709
8.8453e-06
0.00636702
-0.0141472
-0.0441566
-0.0460074
-0.0410018
-0.0255703
-0.066993
-0.0518119
-0.0494245
0.0139034
0.002682
0.00977556
0.0104495
-0.00634245
-0.0425172
-0.0550642
-0.0216841
-0.0282285
-0.0430506
-0.0678363
-0.0102616
-0.0252453
-0.028463
-0.0457471
-0.063981
-0.0705905
-0.0974412
-0.094353
-0.0847257
-0.0873045
-0.0888217
0.0108223
0.000844886
-0.00474242
-0.010555
-0.0379942
-0.0572916
-0.0990447
-0.110064
-0.0863444
-0.0790219
-0.0879968
0.0268194
0.0223715
-0.00409083
-0.0137328
-0.0512112
-0.0845291
-0.112451
-0.115204
-0.099436
-0.0735647
-0.0943749
0.0539945
0.055328
0.0324221
-0.000482215
-0.0594234
-0.100275
-0.135895
-0.100817
-0.0852553
-0.0712622
-0.070043
0.07127
0.0710908
0.0752808
0.0482357
-0.0448215
-0.0600177
-0.123577
-0.103517
-0.0564428
-0.0861267
-0.0627519
0.0763677
0.0623469
0.071575
0.104903
-0.00559393
-0.0108866
-0.0465701
-0.0957154
-0.0531514
-0.0976688
-0.0786077
0.088004
0.0796373
0.0723474
0.127861
0.0571823
0.0410257
0.0327138
-0.052752
-0.0414431
-0.0958862
-0.088194
0.0900953
0.101883
0.0887332
0.119496
0.0834302
0.0645112
0.058031
-0.0165168
-0.0146234
-0.0640114
-0.0738765
0.0910457
0.0971189
0.0992965
0.110113
0.0933828
0.075591
0.060791
-0.00532342
-0.00964043
-0.0372902
-0.0545437
0.0853971
0.089562
0.102891
0.108509
0.104423
0.0968671
0.0672453
0.0125623
-0.00454728
-0.0209524
-0.0269671
0.0943777
0.097263
0.10744
0.107125
0.106281
0.10075
0.0725575
0.0333494
0.0197351
0.00635658
-0.00104827
0.000908959
0.00606675
0.0257709
0.0380018
0.0437289
0.0628229
0.0495682
0.0655405
0.0765782
0.0585703
0.0696774
-0.00277313
0.00341319
0.0102588
0.0392179
0.052822
0.0776086
0.0643015
0.0642162
0.0829245
0.0667102
0.0625027
-0.0165807
-0.00957313
-0.0291146
-0.00576141
0.0187432
0.0542443
0.0702185
0.0810425
0.0802506
0.0881693
0.0694378
-0.0218577
-0.0110151
-0.0308199
-0.0313813
-0.0207231
0.0154647
0.026971
0.0839639
0.0918896
0.0815585
0.0902009
-0.0275511
-0.0297642
-0.0202714
-0.01403
-0.0602828
0.0113975
-0.0131403
0.0316285
0.100493
0.048074
0.0844155
-0.0341443
-0.0683816
-0.0578522
0.010386
-0.0750938
-0.00118889
0.00796126
-0.0209073
0.0699232
0.0139829
0.0474032
-0.0318628
-0.0658815
-0.0885705
-0.0017033
-0.0622419
-0.0188021
0.0271393
-0.0313647
0.0453764
0.000977615
0.0203929
-0.0368335
-0.0542445
-0.0867292
-0.037322
-0.0728186
-0.0466934
0.000437701
-0.0404927
0.0343107
0.00917277
0.00843446
-0.0372232
-0.0512749
-0.0648612
-0.0440458
-0.0638506
-0.0562856
-0.0204564
-0.0477629
0.00175778
0.00676077
0.00339057
-0.0405496
-0.0407106
-0.0406053
-0.0319436
-0.034041
-0.024522
-0.0148758
-0.037274
-0.0109988
-0.00105166
-0.00139257
-0.0351177
-0.0334859
-0.0327731
-0.0339132
-0.0321274
-0.0236624
-0.0205816
-0.0303721
-0.011509
-0.0054842
-0.00489388
0.0266942
0.0246249
0.0203053
0.00827254
-0.0022762
0.00700282
-0.00957459
-0.0115617
-0.00965534
-0.0190245
0.0122634
0.0203945
0.0241791
0.00669853
0.00636381
-0.00167889
0.0165958
-0.00344388
-0.0259762
-0.0292212
-0.0374324
-0.0115096
0.00590946
0.0147393
-0.0145956
-0.00756716
-0.0012316
0.0255411
0.0164763
-0.0111867
-0.0387748
-0.0284703
-0.011478
-0.00226231
0.0176697
0.00676913
0.00508597
0.00871455
0.0316538
0.00623169
0.00347776
-0.0222424
-0.0259103
0.0107963
-0.00681169
0.00615928
0.0294417
0.0513163
0.0106108
0.0567011
-0.00494602
-0.0228316
0.000406659
-0.0438864
0.0187279
-0.0115268
-0.0248326
-0.000918692
0.0791638
0.00645875
0.0490944
0.016774
-0.055488
-0.00293994
-0.0484588
0.00465903
-0.0128097
-0.0278214
-0.0376377
0.0508634
-0.00145745
0.0200195
0.0362338
-0.0470112
0.00458609
-0.0332835
-0.00337046
-0.0201163
-0.0208892
-0.0448393
0.00339584
-0.0302548
-0.0157776
0.0149143
-0.0359111
0.0185207
-0.00748467
-0.00167198
-0.0193705
-0.0237453
-0.0290151
-0.00771828
-0.0248583
-0.0171556
0.00464856
-0.027935
0.0117629
0.00866406
0.00111936
-0.0191972
-0.0203426
-0.0093392
0.00720351
-0.000187539
0.00640102
0.0118772
-0.0060252
0.015511
0.013958
-0.00104135
-0.0195415
-0.0143284
-0.00891922
-0.0111774
-0.0117199
-0.00337918
0.00392514
-0.00502035
0.0124851
0.00760011
-0.00959936
